13:55:16.796,(-2.829945, -0.090390, 4.500000),0,0,0.5,False
13:55:16.796,(-2.829945, -0.090390, 4.500000),0,0,0.5,False
13:55:16.819,(-2.644755, -0.209439, 4.500000),0,0,0.5,False
13:55:16.820,(-2.644755, -0.209439, 4.500000),0,0,0.5,False
13:55:16.835,(-2.644756, -0.202825, 4.500000),0,0,0.5,False
13:55:16.835,(-2.644756, -0.202825, 4.500000),0,0,0.5,False
13:55:16.853,(-2.644756, -0.189597, 4.500000),0,0,0.5,False
13:55:16.855,(-2.644756, -0.189597, 4.500000),0,0,0.5,False
13:55:16.874,(-2.644756, -0.182984, 4.500000),0,0,0.5,False
13:55:16.874,(-2.644756, -0.182984, 4.500000),0,0,0.5,False
13:55:16.888,(-2.657984, -0.176370, 4.500000),0,0,0.5,False
13:55:16.888,(-2.657984, -0.176370, 4.500000),0,0,0.5,False
13:55:16.898,(-2.657984, -0.176370, 4.500000),0,0,0.5,False
13:55:16.898,(-2.657984, -0.176370, 4.500000),0,0,0.5,False
13:55:16.916,(-2.657984, -0.176370, 4.500000),0.1881333,0,0.5,False
13:55:16.916,(-2.657984, -0.176370, 4.500000),0.1881333,0,0.5,False
13:55:16.931,(-2.651371, -0.182984, 4.500000),0.1881333,0,0.5,False
13:55:16.931,(-2.651371, -0.182984, 4.500000),0.1881333,0,0.5,False
13:55:16.951,(-2.638143, -0.196211, 4.500000),0.1842266,0.5,0.4888889,False
13:55:16.952,(-2.638143, -0.196211, 4.500000),0.1842266,0.5,0.4888889,False
13:55:16.970,(-2.631529, -0.209439, 4.500000),0.2126724,0.5,0.4833333,False
13:55:16.970,(-2.631529, -0.209439, 4.500000),0.2126724,0.5,0.4833333,False
13:55:16.984,(-2.591846, -0.242509, 4.500000),0.2204859,0.5,0.4833333,False
13:55:16.985,(-2.591846, -0.242509, 4.500000),0.2204859,0.5,0.4833333,False
13:55:16.996,(-2.578617, -0.262350, 4.500000),0.2201196,0.5,0.4777778,False
13:55:16.997,(-2.578617, -0.262350, 4.500000),0.2201196,0.5,0.4777778,False
13:55:17.013,(-2.565389, -0.282192, 4.500000),0.2201196,0.5,0.4777778,False
13:55:17.013,(-2.565389, -0.282192, 4.500000),0.2201196,0.5,0.4777778,False
13:55:17.028,(-2.552162, -0.302033, 4.500000),0.2201196,0.5,0.4777778,False
13:55:17.028,(-2.552162, -0.302033, 4.500000),0.2201196,0.5,0.4777778,False
13:55:17.054,(-2.538933, -0.315261, 4.500000),0.2276889,0.5,0.4722222,False
13:55:17.054,(-2.538933, -0.315261, 4.500000),0.2276889,0.5,0.4722222,False
13:55:17.076,(-2.519092, -0.354944, 4.500000),0.3072885,0.5,0.4666667,False
13:55:17.076,(-2.519092, -0.354944, 4.500000),0.3072885,0.5,0.4666667,False
13:55:17.091,(-2.512479, -0.381400, 4.500000),0.3236479,0.5,0.4611111,False
13:55:17.091,(-2.512479, -0.381400, 4.500000),0.3236479,0.5,0.4611111,False
13:55:17.103,(-2.505865, -0.394627, 4.500000),0.3270663,0.5,0.4611111,False
13:55:17.103,(-2.505865, -0.394627, 4.500000),0.3270663,0.5,0.4611111,False
13:55:17.123,(-2.505865, -0.401241, 4.500000),0.3341472,0.5,0.4611111,False
13:55:17.123,(-2.505865, -0.401241, 4.500000),0.3341472,0.5,0.4611111,False
13:55:17.136,(-2.505865, -0.414469, 4.500000),0.4489073,0.5,0.4611111,False
13:55:17.136,(-2.505865, -0.414469, 4.500000),0.4489073,0.5,0.4611111,False
13:55:17.160,(-2.512479, -0.421083, 4.500000),0.5241118,0.5,0.4666667,False
13:55:17.161,(-2.512479, -0.421083, 4.500000),0.5241118,0.5,0.4666667,False
13:55:17.182,(-2.519092, -0.440924, 4.500000),0.5247223,0.5,0.4666667,False
13:55:17.182,(-2.519092, -0.440924, 4.500000),0.5247223,0.5,0.4666667,False
13:55:17.197,(-2.545549, -0.460766, 4.500000),0.5248443,0.5313889,0.4666667,False
13:55:17.198,(-2.545549, -0.460766, 4.500000),0.5248443,0.5313889,0.4666667,False
13:55:17.211,(-2.558776, -0.467380, 4.500000),0.5250885,0.5313889,0.4666667,False
13:55:17.211,(-2.558776, -0.467380, 4.500000),0.5250885,0.5313889,0.4666667,False
13:55:17.231,(-2.578617, -0.473994, 4.500000),0.525699,0.5313889,0.4666667,False
13:55:17.231,(-2.578617, -0.473994, 4.500000),0.525699,0.5313889,0.4666667,False
13:55:17.245,(-2.605071, -0.480608, 4.500000),0.525699,0.5313889,0.4666667,False
13:55:17.245,(-2.605071, -0.480608, 4.500000),0.525699,0.5313889,0.4666667,False
13:55:17.271,(-2.631529, -0.487221, 4.500000),0.5282627,0.5388889,0.4722222,False
13:55:17.272,(-2.631529, -0.487221, 4.500000),0.5282627,0.5388889,0.4722222,False
13:55:17.295,(-2.677825, -0.487221, 4.500000),0.5274081,0.5736111,0.4833333,False
13:55:17.296,(-2.677825, -0.487221, 4.500000),0.5274081,0.5736111,0.4833333,False
13:55:17.309,(-2.724122, -0.487221, 4.500000),0.5287511,0.5736111,0.4833333,False
13:55:17.310,(-2.724122, -0.487221, 4.500000),0.5287511,0.5736111,0.4833333,False
13:55:17.321,(-2.743964, -0.487221, 4.500000),0.5274081,0.5736111,0.4833333,False
13:55:17.321,(-2.743964, -0.487221, 4.500000),0.5274081,0.5736111,0.4833333,False
13:55:17.336,(-2.763806, -0.487222, 4.500000),0.5280185,0.625,0.4888889,False
13:55:17.336,(-2.763806, -0.487222, 4.500000),0.5280185,0.625,0.4888889,False
13:55:17.349,(-2.783648, -0.473994, 4.500000),0.5277744,0.625,0.4888889,False
13:55:17.350,(-2.783648, -0.473994, 4.500000),0.5277744,0.625,0.4888889,False
13:55:17.367,(-2.796874, -0.460766, 4.500000),0.5270419,0.625,0.4888889,False
13:55:17.367,(-2.796874, -0.460766, 4.500000),0.5270419,0.625,0.4888889,False
13:55:18.233,(-2.810103, -0.434311, 4.500000),0,0.5,0.4333333,False
13:55:18.233,(-2.810103, -0.434311, 4.500000),0,0.5,0.4333333,False
13:55:18.250,(-2.810103, -0.434311, 4.500000),0,0.5,0.4277778,False
13:55:18.250,(-2.810103, -0.434311, 4.500000),0,0.5,0.4277778,False
13:55:18.263,(-2.810103, -0.434311, 4.500000),0,0.5,0.4277778,False
13:55:18.263,(-2.810103, -0.434311, 4.500000),0,0.5,0.4277778,False
13:55:18.278,(-2.810103, -0.434311, 4.500000),0,0.5,0.4111111,False
13:55:18.278,(-2.810103, -0.434311, 4.500000),0,0.5,0.4111111,False
