14:53:50.449,(0.543128, -0.057320, 4.500000),0,0.5,0.4944444,False
14:53:50.450,(0.543128, -0.057320, 4.500000),0,0.5,0.4944444,False
14:53:50.472,(0.715089, -0.282192, 4.500000),0,0.5,0.4944444,False
14:53:50.472,(0.715089, -0.282192, 4.500000),0,0.5,0.4944444,False
14:53:50.485,(0.728316, -0.249122, 4.500000),0,0.5,0.4944444,False
14:53:50.486,(0.728316, -0.249122, 4.500000),0,0.5,0.4944444,False
14:53:50.513,(0.728316, -0.216053, 4.500000),0,0,0.5,False
14:53:50.514,(0.728316, -0.216053, 4.500000),0,0,0.5,False
14:53:50.539,(0.761386, -0.143301, 4.500000),0,0,0.5,False
14:53:50.539,(0.761386, -0.143301, 4.500000),0,0,0.5,False
14:53:50.553,(0.827524, -0.037479, 4.500000),1,0.4486111,0.4777778,False
14:53:50.553,(0.827524, -0.037479, 4.500000),1,0.4486111,0.4777778,False
14:53:50.566,(0.867208, 0.008819, 4.500000),1,0.4063889,0.4777778,False
14:53:50.566,(0.867208, 0.008819, 4.500000),1,0.4063889,0.4777778,False
14:53:50.590,(0.913504, 0.055116, 4.500000),1,0.3975,0.4722222,False
14:53:50.590,(0.913504, 0.055116, 4.500000),1,0.3975,0.4722222,False
14:53:50.607,(0.992872, 0.121254, 4.500000),1,0.3975,0.4722222,False
14:53:50.607,(0.992872, 0.121254, 4.500000),1,0.3975,0.4722222,False
14:53:50.633,(1.032555, 0.141096, 4.500000),1,0.4011111,0.45,False
14:53:50.634,(1.032555, 0.141096, 4.500000),1,0.4011111,0.45,False
14:53:50.653,(1.111920, 0.167551, 4.500000),1,0.4027778,0.4277778,False
14:53:50.653,(1.111920, 0.167551, 4.500000),1,0.4027778,0.4277778,False
14:53:50.670,(1.171445, 0.160938, 4.500000),1,0.4097222,0.4222222,False
14:53:50.670,(1.171445, 0.160938, 4.500000),1,0.4097222,0.4222222,False
14:53:50.688,(1.230971, 0.147710, 4.500000),1,0.4097222,0.4222222,False
14:53:50.688,(1.230971, 0.147710, 4.500000),1,0.4097222,0.4222222,False
14:53:50.709,(1.290496, 0.121254, 4.500000),1,0.4138889,0.4,False
14:53:50.709,(1.290496, 0.121254, 4.500000),1,0.4138889,0.4,False
14:53:50.727,(1.330177, 0.094799, 4.500000),1,0.4108333,0.3944444,False
14:53:50.728,(1.330177, 0.094799, 4.500000),1,0.4108333,0.3944444,False
14:53:50.752,(1.350019, 0.055116, 4.500000),1,0.4108333,0.3944444,False
14:53:50.753,(1.350019, 0.055116, 4.500000),1,0.4108333,0.3944444,False
14:53:50.776,(1.356634, 0.008819, 4.500000),1,0.4108333,0.3944444,False
14:53:50.776,(1.356634, 0.008819, 4.500000),1,0.4108333,0.3944444,False
14:53:50.790,(1.343406, -0.057320, 4.500000),1,0.4225,0.3888889,False
14:53:50.790,(1.343406, -0.057320, 4.500000),1,0.4225,0.3888889,False
14:53:50.805,(1.323564, -0.090390, 4.500000),1,0.4225,0.3888889,False
14:53:50.806,(1.323564, -0.090390, 4.500000),1,0.4225,0.3888889,False
14:53:50.825,(1.277267, -0.143301, 4.500000),1,0.4152778,0.3888889,False
14:53:50.825,(1.277267, -0.143301, 4.500000),1,0.4152778,0.3888889,False
14:53:50.848,(1.237584, -0.182984, 4.500000),1,0.4225,0.3888889,False
14:53:50.848,(1.237584, -0.182984, 4.500000),1,0.4225,0.3888889,False
14:53:50.875,(1.125148, -0.249122, 4.500000),1,0.4225,0.3888889,False
14:53:50.876,(1.125148, -0.249122, 4.500000),1,0.4225,0.3888889,False
14:53:50.895,(1.025940, -0.282192, 4.500000),1,0.4297222,0.3944444,False
14:53:50.895,(1.025940, -0.282192, 4.500000),1,0.4297222,0.3944444,False
14:53:50.913,(0.887049, -0.315261, 4.500000),1,0.4261111,0.4,False
14:53:50.913,(0.887049, -0.315261, 4.500000),1,0.4261111,0.4,False
14:53:50.926,(0.794454, -0.328489, 4.500000),1,0.4261111,0.4,False
14:53:50.926,(0.794454, -0.328489, 4.500000),1,0.4261111,0.4,False
14:53:50.949,(0.741544, -0.328489, 4.500000),1,0.4341667,0.4,False
14:53:50.950,(0.741544, -0.328489, 4.500000),1,0.4341667,0.4,False
14:53:50.965,(0.682019, -0.321875, 4.500000),1,0.4341667,0.4,False
14:53:50.966,(0.682019, -0.321875, 4.500000),1,0.4341667,0.4,False
14:53:50.993,(0.622494, -0.308647, 4.500000),1,0.4302778,0.4055555,False
14:53:50.993,(0.622494, -0.308647, 4.500000),1,0.4302778,0.4055555,False
14:53:51.011,(0.569584, -0.288806, 4.500000),1,0.4391667,0.4055555,False
14:53:51.011,(0.569584, -0.288806, 4.500000),1,0.4391667,0.4055555,False
14:53:51.026,(0.510058, -0.249122, 4.500000),1,0.4391667,0.4055555,False
14:53:51.027,(0.510058, -0.249122, 4.500000),1,0.4391667,0.4055555,False
14:53:51.046,(0.490217, -0.229281, 4.500000),1,0.4391667,0.4055555,False
14:53:51.046,(0.490217, -0.229281, 4.500000),1,0.4391667,0.4055555,False
14:53:51.069,(0.463762, -0.196211, 4.500000),1,0.4391667,0.4055555,False
14:53:51.070,(0.463762, -0.196211, 4.500000),1,0.4391667,0.4055555,False
14:53:51.085,(0.450533, -0.156528, 4.500000),1,0.4302778,0.4055555,False
14:53:51.086,(0.450533, -0.156528, 4.500000),1,0.4302778,0.4055555,False
14:53:51.110,(0.437307, -0.136687, 4.500000),1,0.4302778,0.4055555,False
14:53:51.111,(0.437307, -0.136687, 4.500000),1,0.4302778,0.4055555,False
14:53:51.133,(0.430691, -0.116845, 4.500000),1,0.4302778,0.4055555,False
14:53:51.133,(0.430691, -0.116845, 4.500000),1,0.4302778,0.4055555,False
14:53:51.147,(0.424078, -0.103617, 4.500000),1,0.4302778,0.4055555,False
14:53:51.148,(0.424078, -0.103617, 4.500000),1,0.4302778,0.4055555,False
14:53:51.165,(0.424078, -0.103617, 4.500000),1,0.4219444,0.4055555,False
14:53:51.166,(0.424078, -0.103617, 4.500000),1,0.4219444,0.4055555,False
14:53:51.189,(0.424078, -0.110231, 4.500000),1,0.4219444,0.4055555,False
14:53:51.189,(0.424078, -0.110231, 4.500000),1,0.4219444,0.4055555,False
14:53:51.205,(0.430691, -0.143301, 4.500000),1,0.4138889,0.4,False
14:53:51.205,(0.430691, -0.143301, 4.500000),1,0.4138889,0.4,False
14:53:51.231,(0.437307, -0.169756, 4.500000),1,0.4183333,0.3944444,False
14:53:51.231,(0.437307, -0.169756, 4.500000),1,0.4183333,0.3944444,False
14:53:51.251,(0.450533, -0.222667, 4.500000),1,0.4183333,0.3944444,False
14:53:51.253,(0.450533, -0.222667, 4.500000),1,0.4183333,0.3944444,False
14:53:51.270,(0.463762, -0.302033, 4.500000),1,0.4183333,0.3944444,False
14:53:51.270,(0.463762, -0.302033, 4.500000),1,0.4183333,0.3944444,False
14:53:51.285,(0.457148, -0.354944, 4.500000),1,0.4183333,0.3944444,False
14:53:51.286,(0.457148, -0.354944, 4.500000),1,0.4183333,0.3944444,False
14:53:51.312,(0.450533, -0.388014, 4.500000),1,0.4183333,0.3944444,False
14:53:51.312,(0.450533, -0.388014, 4.500000),1,0.4183333,0.3944444,False
14:53:51.328,(0.410850, -0.447538, 4.500000),1,0.4183333,0.3944444,False
14:53:51.328,(0.410850, -0.447538, 4.500000),1,0.4183333,0.3944444,False
14:53:51.352,(0.384395, -0.487221, 4.500000),1,0.4183333,0.3944444,False
14:53:51.353,(0.384395, -0.487221, 4.500000),1,0.4183333,0.3944444,False
14:53:51.373,(0.344711, -0.513677, 4.500000),1,0.4183333,0.3944444,False
14:53:51.373,(0.344711, -0.513677, 4.500000),1,0.4183333,0.3944444,False
14:53:51.388,(0.278573, -0.540133, 4.500000),1,0.4138889,0.4,False
14:53:51.388,(0.278573, -0.540133, 4.500000),1,0.4138889,0.4,False
14:53:51.406,(0.245504, -0.546746, 4.500000),1,0.4138889,0.4,False
14:53:51.407,(0.245504, -0.546746, 4.500000),1,0.4138889,0.4,False
14:53:51.430,(0.185979, -0.553360, 4.500000),1,0.4172222,0.4055555,False
14:53:51.430,(0.185979, -0.553360, 4.500000),1,0.4172222,0.4055555,False
14:53:51.445,(0.133069, -0.553360, 4.500000),1,0.4172222,0.4055555,False
14:53:51.445,(0.133069, -0.553360, 4.500000),1,0.4172222,0.4055555,False
14:53:51.474,(0.099999, -0.553360, 4.500000),1,0.4172222,0.4055555,False
14:53:51.474,(0.099999, -0.553360, 4.500000),1,0.4172222,0.4055555,False
14:53:51.493,(0.027247, -0.526905, 4.500000),1,0.4211111,0.4166667,False
14:53:51.494,(0.027247, -0.526905, 4.500000),1,0.4211111,0.4166667,False
14:53:51.509,(-0.052120, -0.487222, 4.500000),1,0.4211111,0.4166667,False
14:53:51.509,(-0.052120, -0.487222, 4.500000),1,0.4211111,0.4166667,False
14:53:51.527,(-0.085190, -0.460766, 4.500000),1,0.4311111,0.4166667,False
14:53:51.527,(-0.085190, -0.460766, 4.500000),1,0.4311111,0.4166667,False
14:53:51.548,(-0.131487, -0.414469, 4.500000),1,0.4311111,0.4166667,False
14:53:51.548,(-0.131487, -0.414469, 4.500000),1,0.4311111,0.4166667,False
14:53:51.566,(-0.171170, -0.354944, 4.500000),1,0.4311111,0.4166667,False
14:53:51.566,(-0.171170, -0.354944, 4.500000),1,0.4311111,0.4166667,False
14:53:51.591,(-0.197625, -0.288806, 4.500000),1,0.4311111,0.4166667,False
14:53:51.592,(-0.197625, -0.288806, 4.500000),1,0.4311111,0.4166667,False
14:53:51.610,(-0.204239, -0.202825, 4.500000),1,0.4311111,0.4166667,False
14:53:51.611,(-0.204239, -0.202825, 4.500000),1,0.4311111,0.4166667,False
14:53:51.632,(-0.177784, -0.063934, 4.500000),1,0.4311111,0.4166667,False
14:53:51.633,(-0.177784, -0.063934, 4.500000),1,0.4311111,0.4166667,False
14:53:52.000,(-0.118258, 0.061729, 4.500000),0,0,0.5,False
14:53:52.000,(-0.118258, 0.061729, 4.500000),0,0,0.5,False
14:53:52.020,(0.834138, 0.372581, 4.500000),0,0,0.5,False
14:53:52.021,(0.834138, 0.372581, 4.500000),0,0,0.5,False
14:53:52.818,(0.827524, 0.372581, 4.500000),0,0,0.5,False
14:53:52.818,(0.827524, 0.372581, 4.500000),0,0,0.5,False
14:53:52.835,(0.827524, 0.372581, 4.500000),0,0,0.5,False
14:53:52.835,(0.827524, 0.372581, 4.500000),0,0,0.5,False
14:53:52.850,(0.827524, 0.372581, 4.500000),0,0,0.5,False
14:53:52.851,(0.827524, 0.372581, 4.500000),0,0,0.5,False
14:53:52.870,(0.827524, 0.372581, 4.500000),0,0,0.5,False
14:53:52.870,(0.827524, 0.372581, 4.500000),0,0,0.5,False
