15:21:48.927,(-0.250535, 0.690047, 4.500000),0,0.5,0.4555556,False
15:21:48.952,(-0.739962, 0.425492, 4.500000),0,0.5,0.45,False
15:21:48.972,(-0.739962, 0.432106, 4.500000),0,0.5,0.4333333,False
15:21:48.994,(-0.726735, 0.445334, 4.500000),0,0.5,0.4333333,False
15:21:49.006,(-0.726735, 0.451948, 4.500000),0,0.5,0.4222222,False
15:21:49.032,(-0.713507, 0.471789, 4.500000),0,0.5,0.4166667,False
15:21:49.047,(-0.700278, 0.491631, 4.500000),0,0.5,0.4166667,False
15:21:49.076,(-0.687052, 0.504859, 4.500000),0.04675864,0.5,0.3944444,False
15:21:49.097,(-0.660597, 0.524700, 4.500000),0.04675864,0.5,0.3944444,False
15:21:49.113,(-0.634140, 0.537928, 4.500000),0.100354,0.5,0.3833333,False
15:21:49.128,(-0.620913, 0.544542, 4.500000),0.1095104,0.5,0.3722222,False
15:21:49.149,(-0.587843, 0.544542, 4.500000),0.1184227,0.5,0.3722222,False
15:21:49.169,(-0.568001, 0.544542, 4.500000),0.1184227,0.5,0.3722222,False
15:21:49.198,(-0.528318, 0.544542, 4.500000),0.1228177,0.5,0.3666667,False
15:21:49.219,(-0.475408, 0.524700, 4.500000),0.1240386,0.5,0.3611111,False
15:21:49.238,(-0.435724, 0.504859, 4.500000),0.1240386,0.5,0.3611111,False
15:21:49.252,(-0.382814, 0.491631, 4.500000),0.1240386,0.5,0.3611111,False
15:21:49.281,(-0.343131, 0.478403, 4.500000),0.1239165,0.5,0.3555556,False
15:21:49.295,(-0.250535, 0.458562, 4.500000),0.1235502,0.5,0.3555556,False
15:21:49.320,(-0.210854, 0.451948, 4.500000),0.1235502,0.5,0.3555556,False
15:21:49.342,(-0.157942, 0.445334, 4.500000),0.1244048,0.5,0.3555556,False
15:21:49.360,(-0.105032, 0.438720, 4.500000),0.1247711,0.5,0.3555556,False
15:21:49.378,(-0.052120, 0.438720, 4.500000),0.1256257,0.5,0.3611111,False
15:21:49.402,(0.000790, 0.438720, 4.500000),0.1286778,0.5,0.3611111,False
15:21:49.418,(0.040474, 0.438720, 4.500000),0.1290441,0.5,0.3611111,False
15:21:49.445,(0.073544, 0.438720, 4.500000),0.1290441,0.5,0.3611111,False
15:21:49.483,(0.106612, 0.438720, 4.500000),0.1294103,0.5,0.3611111,False
15:21:49.501,(0.146296, 0.438720, 4.500000),0.1285557,0.5,0.3666667,False
15:21:49.520,(0.146296, 0.438720, 4.500000),0.1278232,0.5,0.3666667,False
15:21:49.545,(0.146296, 0.432106, 4.500000),0.1278232,0.5,0.3666667,False
15:21:49.560,(0.133069, 0.432106, 4.500000),0.1278232,0.5,0.3666667,False
15:21:49.590,(0.133069, 0.432106, 4.500000),0.005493835,0.5,0.3666667,False
15:21:49.611,(0.113227, 0.438720, 4.500000),0.008057624,0.5,0.3666667,False
15:21:49.625,(0.080157, 0.438720, 4.500000),0.008057624,0.5,0.3666667,False
15:21:49.644,(0.066929, 0.432106, 4.500000),0.09608106,0.5,0.3666667,False
15:21:49.667,(0.027247, 0.425492, 4.500000),0.09608106,0.5,0.3666667,False
15:21:49.682,(-0.019052, 0.412264, 4.500000),0.1123184,0.5,0.3666667,False
15:21:49.710,(-0.052120, 0.399037, 4.500000),0.1279453,0.5,0.3666667,False
15:21:49.732,(-0.138100, 0.365967, 4.500000),0.1316079,0.5,0.3666667,False
15:21:49.747,(-0.230694, 0.332898, 4.500000),0.1316079,0.5,0.3666667,False
15:21:49.768,(-0.283606, 0.306443, 4.500000),0.1316079,0.5,0.3666667,False
15:21:49.785,(-0.362973, 0.273373, 4.500000),0.1316079,0.5,0.3666667,False
15:21:49.805,(-0.448953, 0.233690, 4.500000),0.1316079,0.5,0.3666667,False
15:21:49.834,(-0.528318, 0.194007, 4.500000),0.203394,0.5,0.3611111,False
15:21:49.854,(-0.634140, 0.134482, 4.500000),0.206324,0.5,0.3611111,False
15:21:49.870,(-0.720120, 0.081571, 4.500000),0.2336711,0.5,0.3611111,False
15:21:49.887,(-0.792874, 0.022046, 4.500000),0.2395312,0.5,0.3666667,False
15:21:49.911,(-0.845784, -0.024251, 4.500000),0.2577219,0.5,0.3666667,False
15:21:49.927,(-0.931764, -0.116845, 4.500000),0.262239,0.5,0.3666667,False
15:21:49.955,(-0.964834, -0.163142, 4.500000),0.2638262,0.5,0.3666667,False
15:21:49.976,(-1.011131, -0.268964, 4.500000),0.2626053,0.5,0.3722222,False
15:21:49.992,(-1.030972, -0.388014, 4.500000),0.2626053,0.5,0.3722222,False
15:21:50.009,(-1.030972, -0.447538, 4.500000),0.2640703,0.5,0.3777778,False
15:21:50.035,(-1.017744, -0.540133, 4.500000),0.2641924,0.5,0.3777778,False
15:21:50.051,(-0.964834, -0.659182, 4.500000),0.2659016,0.5,0.3777778,False
15:21:50.079,(-0.925151, -0.712093, 4.500000),0.2670004,0.5,0.3833333,False
15:21:50.101,(-0.819329, -0.804687, 4.500000),0.2728605,0.5,0.3833333,False
15:21:50.116,(-0.687052, -0.877440, 4.500000),0.3207179,0.5,0.3833333,False
15:21:50.131,(-0.614298, -0.903895, 4.500000),0.3307289,0.5,0.3888889,False
15:21:50.157,(-0.528318, -0.917123, 4.500000),0.3761446,0.5,0.3888889,False
15:21:50.172,(-0.343131, -0.910509, 4.500000),0.4504944,0.5,0.3888889,False
15:21:50.199,(-0.243922, -0.897281, 4.500000),0.611769,0.5,0.3888889,False
15:21:50.769,(-0.038891, -0.817915, 4.500000),0,0.5,0.4111111,False
15:21:50.786,(-0.270377, -0.328489, 4.500000),0,0.5,0.4111111,False
15:21:51.657,(-0.276992, -0.328489, 4.500000),0,0.5,0.4611111,False
15:21:51.676,(-0.276992, -0.328489, 4.500000),0,0.5,0.4666667,False
