10:54:31.475,(-3.683133, 1.801176, 4.500000),0,0.5,0.4333333,False
10:54:31.493,(0.589425, 0.141096, 4.500000),0,0.5,0.4277778,False
10:54:31.507,(0.582812, 0.141096, 4.500000),0,0.5,0.4277778,False
10:54:31.526,(0.569584, 0.141096, 4.500000),0,0.5,0.4222222,False
10:54:31.541,(0.556355, 0.141096, 4.500000),0,0.5,0.4166667,False
10:54:31.561,(0.549742, 0.134482, 4.500000),0,0.5,0.4166667,False
10:54:31.581,(0.529900, 0.134482, 4.500000),0,0.5,0.4055555,False
10:54:31.595,(0.516673, 0.134482, 4.500000),0.180564,0.4913889,0.3888889,False
10:54:31.608,(0.496832, 0.147710, 4.500000),0.1820291,0.4838889,0.3833333,False
10:54:31.626,(0.476990, 0.160938, 4.500000),0.1822732,0.4838889,0.3833333,False
10:54:31.641,(0.463762, 0.174165, 4.500000),0.1836162,0.4847222,0.3777778,False
10:54:31.660,(0.463762, 0.194007, 4.500000),0.1836162,0.4847222,0.3777778,False
10:54:31.680,(0.476990, 0.213848, 4.500000),0.1836162,0.4847222,0.3777778,False
10:54:31.693,(0.510058, 0.233690, 4.500000),0.1836162,0.4847222,0.3777778,False
10:54:31.706,(0.536513, 0.240304, 4.500000),0.1836162,0.4847222,0.3777778,False
10:54:31.722,(0.569584, 0.246918, 4.500000),0.5266756,0.4608333,0.3611111,False
10:54:31.742,(0.596039, 0.246918, 4.500000),0.5261873,0.4547222,0.3611111,False
10:54:31.763,(0.629109, 0.233690, 4.500000),0.5231351,0.4486111,0.3555556,False
10:54:31.781,(0.655564, 0.213848, 4.500000),0.5231351,0.4486111,0.3555556,False
10:54:31.795,(0.675405, 0.180779, 4.500000),0.5231351,0.4486111,0.3555556,False
10:54:31.808,(0.675405, 0.147710, 4.500000),0.5231351,0.4486111,0.3555556,False
10:54:31.825,(0.675406, 0.141096, 4.500000),0.5133683,0.4563889,0.3555556,False
10:54:31.844,(0.655564, 0.114640, 4.500000),0.5155659,0.4625,0.3555556,False
10:54:31.862,(0.609267, 0.094799, 4.500000),0.5202051,0.4625,0.3555556,False
10:54:31.887,(0.569584, 0.081571, 4.500000),0.8605787,0.4683333,0.3555556,False
10:54:31.901,(0.470375, 0.055116, 4.500000),0.8605787,0.4683333,0.3555556,False
10:54:31.913,(0.384395, 0.028660, 4.500000),1,0.4747222,0.3555556,False
10:54:31.928,(0.357940, 0.028660, 4.500000),1,0.4747222,0.3555556,False
10:54:31.943,(0.298414, 0.015432, 4.500000),1,0.4747222,0.3555556,False
10:54:31.960,(0.212434, 0.008819, 4.500000),1,0.4747222,0.3555556,False
10:54:31.980,(0.159524, 0.002205, 4.500000),1,0.4747222,0.3555556,False
10:54:31.994,(0.086770, -0.011023, 4.500000),1,0.4747222,0.3555556,False
10:54:32.009,(0.033860, -0.037479, 4.500000),1,0.4683333,0.3555556,False
10:54:32.026,(0.007405, -0.050706, 4.500000),1,0.4683333,0.3555556,False
10:54:32.041,(-0.012436, -0.077162, 4.500000),1,0.4683333,0.3555556,False
10:54:32.061,(-0.025665, -0.123459, 4.500000),1,0.4625,0.3555556,False
10:54:32.082,(-0.025665, -0.169756, 4.500000),1,0.4625,0.3555556,False
10:54:32.098,(-0.012436, -0.282192, 4.500000),1,0.4625,0.3555556,False
10:54:32.110,(0.000790, -0.341716, 4.500000),1,0.4625,0.3555556,False
10:54:32.124,(0.027247, -0.407855, 4.500000),1,0.4625,0.3555556,False
10:54:32.139,(0.060315, -0.473994, 4.500000),1,0.4625,0.3555556,False
10:54:32.160,(0.106612, -0.586430, 4.500000),1,0.4638889,0.35,False
10:54:35.299,(0.133069, -0.672410, 4.500000),0,0.4922222,0.3777778,False
10:54:35.311,(0.133069, -0.672410, 4.500000),0,0.4922222,0.3777778,False
