14:55:17.150,(0.238889, 0.610681, 4.500000),0,0,0.5,True
14:55:17.151,(0.238889, 0.610681, 4.500000),0,0,0.5,True
14:55:17.174,(1.528595, 0.147710, 4.500000),0,0,0.5,True
14:55:17.175,(1.528595, 0.147710, 4.500000),0,0,0.5,True
14:55:17.188,(1.535208, 0.134482, 4.500000),0,0,0.5,True
14:55:17.188,(1.535208, 0.134482, 4.500000),0,0,0.5,True
14:55:17.212,(1.508753, 0.121254, 4.500000),0,0,0.5,True
14:55:17.213,(1.508753, 0.121254, 4.500000),0,0,0.5,True
14:55:17.232,(1.442614, 0.094799, 4.500000),0,0,0.5,True
14:55:17.233,(1.442614, 0.094799, 4.500000),0,0,0.5,True
14:55:17.249,(1.310337, 0.035274, 4.500000),1,0,0.5,True
14:55:17.249,(1.310337, 0.035274, 4.500000),1,0,0.5,True
14:55:17.269,(1.217742, 0.008819, 4.500000),1,0.5,0.4944444,True
14:55:17.269,(1.217742, 0.008819, 4.500000),1,0.5,0.4944444,True
14:55:17.291,(1.065623, -0.030865, 4.500000),1,0.5,0.4944444,True
14:55:17.291,(1.065623, -0.030865, 4.500000),1,0.5,0.4944444,True
14:55:17.311,(0.847366, -0.077162, 4.500000),1,0.5,0.4888889,True
14:55:17.311,(0.847366, -0.077162, 4.500000),1,0.5,0.4888889,True
14:55:17.331,(0.675405, -0.116845, 4.500000),1,0.5,0.4888889,True
14:55:17.331,(0.675405, -0.116845, 4.500000),1,0.5,0.4888889,True
14:55:17.352,(0.556355, -0.143301, 4.500000),1,0.4486111,0.4777778,True
14:55:17.352,(0.556355, -0.143301, 4.500000),1,0.4486111,0.4777778,True
14:55:17.372,(0.351326, -0.182984, 4.500000),1,0.4683333,0.4666667,True
14:55:17.372,(0.351326, -0.182984, 4.500000),1,0.4683333,0.4666667,True
14:55:17.391,(0.238889, -0.182984, 4.500000),1,0.4683333,0.4666667,True
14:55:17.391,(0.238889, -0.182984, 4.500000),1,0.4683333,0.4666667,True
14:55:17.415,(0.159524, -0.163142, 4.500000),1,0.4772222,0.4555556,True
14:55:17.415,(0.159524, -0.163142, 4.500000),1,0.4772222,0.4555556,True
14:55:17.430,(0.106612, -0.143300, 4.500000),1,0.4772222,0.4555556,True
14:55:17.430,(0.106612, -0.143300, 4.500000),1,0.4772222,0.4555556,True
14:55:17.455,(0.080157, -0.123459, 4.500000),1,0.4555556,0.4555556,True
14:55:17.455,(0.080157, -0.123459, 4.500000),1,0.4555556,0.4555556,True
14:55:17.477,(0.066929, -0.116845, 4.500000),1,0.4555556,0.4555556,True
14:55:17.477,(0.066929, -0.116845, 4.500000),1,0.4555556,0.4555556,True
14:55:17.492,(0.066929, -0.130073, 4.500000),1,0.4555556,0.4555556,True
14:55:17.492,(0.066929, -0.130073, 4.500000),1,0.4555556,0.4555556,True
14:55:17.509,(0.066929, -0.143300, 4.500000),1,0.4555556,0.4555556,True
14:55:17.510,(0.066929, -0.143300, 4.500000),1,0.4555556,0.4555556,True
14:55:17.532,(0.066929, -0.196211, 4.500000),1,0.4555556,0.4555556,True
14:55:17.533,(0.066929, -0.196211, 4.500000),1,0.4555556,0.4555556,True
14:55:17.549,(0.073544, -0.262350, 4.500000),1,0.4555556,0.4555556,True
14:55:17.550,(0.073544, -0.262350, 4.500000),1,0.4555556,0.4555556,True
14:55:17.574,(0.073544, -0.341716, 4.500000),1,0.4555556,0.4555556,True
14:55:17.575,(0.073544, -0.341716, 4.500000),1,0.4555556,0.4555556,True
14:55:17.595,(0.060315, -0.407855, 4.500000),1,0.4261111,0.4611111,True
14:55:17.595,(0.060315, -0.407855, 4.500000),1,0.4261111,0.4611111,True
14:55:17.611,(0.027247, -0.487221, 4.500000),1,0.4355555,0.4555556,True
14:55:17.611,(0.027247, -0.487221, 4.500000),1,0.4355555,0.4555556,True
14:55:17.626,(0.000790, -0.520291, 4.500000),1,0.4355555,0.4555556,True
14:55:17.626,(0.000790, -0.520291, 4.500000),1,0.4355555,0.4555556,True
14:55:17.650,(-0.025665, -0.546746, 4.500000),1,0.4486111,0.4611111,True
14:55:17.651,(-0.025665, -0.546746, 4.500000),1,0.4486111,0.4611111,True
14:55:17.666,(-0.091803, -0.586430, 4.500000),1,0.4261111,0.4611111,True
14:55:17.667,(-0.091803, -0.586430, 4.500000),1,0.4261111,0.4611111,True
14:55:17.692,(-0.144713, -0.599657, 4.500000),1,0.4261111,0.4611111,True
14:55:17.693,(-0.144713, -0.599657, 4.500000),1,0.4261111,0.4611111,True
14:55:17.715,(-0.210854, -0.606271, 4.500000),1,0.4138889,0.4666667,True
14:55:17.715,(-0.210854, -0.606271, 4.500000),1,0.4138889,0.4666667,True
14:55:17.730,(-0.310061, -0.586430, 4.500000),1,0.4138889,0.4666667,True
14:55:17.731,(-0.310061, -0.586430, 4.500000),1,0.4138889,0.4666667,True
14:55:17.747,(-0.362973, -0.566588, 4.500000),1,0.4138889,0.4666667,True
14:55:17.747,(-0.362973, -0.566588, 4.500000),1,0.4138889,0.4666667,True
14:55:17.770,(-0.435724, -0.526905, 4.500000),1,0.4063889,0.4777778,True
14:55:17.771,(-0.435724, -0.526905, 4.500000),1,0.4063889,0.4777778,True
14:55:17.787,(-0.482021, -0.473994, 4.500000),1,0.4063889,0.4777778,True
14:55:17.787,(-0.482021, -0.473994, 4.500000),1,0.4063889,0.4777778,True
14:55:17.812,(-0.515091, -0.407855, 4.500000),1,0.4063889,0.4777778,True
14:55:17.812,(-0.515091, -0.407855, 4.500000),1,0.4063889,0.4777778,True
14:55:17.832,(-0.528318, -0.315261, 4.500000),1,0.3747222,0.4833333,True
14:55:17.833,(-0.528318, -0.315261, 4.500000),1,0.3747222,0.4833333,True
14:55:17.849,(-0.508476, -0.169756, 4.500000),1,0.3747222,0.4833333,True
14:55:17.849,(-0.508476, -0.169756, 4.500000),1,0.3747222,0.4833333,True
14:55:17.865,(-0.475408, -0.083776, 4.500000),1,0.3747222,0.4833333,True
14:55:17.865,(-0.475408, -0.083776, 4.500000),1,0.3747222,0.4833333,True
14:55:17.889,(-0.382814, 0.055116, 4.500000),1,0.3747222,0.4722222,True
14:55:17.889,(-0.382814, 0.055116, 4.500000),1,0.3747222,0.4722222,True
14:55:18.620,(-0.237309, 0.207235, 4.500000),0,0.4683333,0.4666667,True
14:55:18.620,(-0.237309, 0.207235, 4.500000),0,0.4683333,0.4666667,True
14:55:18.636,(-0.237309, 0.207235, 4.500000),0,0.4683333,0.4666667,True
14:55:18.637,(-0.237309, 0.207235, 4.500000),0,0.4683333,0.4666667,True
14:55:18.658,(-0.237309, 0.207235, 4.500000),0,0.4608333,0.4722222,True
14:55:18.658,(-0.237309, 0.207235, 4.500000),0,0.4608333,0.4722222,True
