15:02:01.784,(0.060315, 0.425492, 4.500000),0,0,0.5,False
15:02:01.784,(0.060315, 0.425492, 4.500000),0,0,0.5,False
15:02:01.806,(1.012713, 0.141096, 4.500000),0,0,0.5,False
15:02:01.806,(1.012713, 0.141096, 4.500000),0,0,0.5,False
15:02:01.821,(1.012713, 0.141096, 4.500000),0,0,0.5,False
15:02:01.821,(1.012713, 0.141096, 4.500000),0,0,0.5,False
15:02:01.849,(0.992872, 0.134482, 4.500000),0,0,0.5,False
15:02:01.850,(0.992872, 0.134482, 4.500000),0,0,0.5,False
15:02:01.873,(0.913504, 0.108026, 4.500000),0.5827127,0.5,0.4888889,False
15:02:01.873,(0.913504, 0.108026, 4.500000),0.5827127,0.5,0.4888889,False
15:02:01.887,(0.794454, 0.068343, 4.500000),0.9084361,0.4486111,0.4777778,False
15:02:01.888,(0.794454, 0.068343, 4.500000),0.9084361,0.4486111,0.4777778,False
15:02:01.900,(0.721702, 0.041888, 4.500000),0.9084361,0.4486111,0.4777778,False
15:02:01.901,(0.721702, 0.041888, 4.500000),0.9084361,0.4486111,0.4777778,False
15:02:01.923,(0.635722, 0.015432, 4.500000),1,0.4486111,0.4611111,False
15:02:01.923,(0.635722, 0.015432, 4.500000),1,0.4486111,0.4611111,False
15:02:01.937,(0.503445, -0.017637, 4.500000),1,0.4486111,0.4611111,False
15:02:01.938,(0.503445, -0.017637, 4.500000),1,0.4486111,0.4611111,False
15:02:01.969,(0.364553, -0.037479, 4.500000),1,0.4261111,0.45,False
15:02:01.969,(0.364553, -0.037479, 4.500000),1,0.4261111,0.45,False
15:02:01.988,(0.199208, -0.037479, 4.500000),1,0.4191667,0.4388889,False
15:02:01.989,(0.199208, -0.037479, 4.500000),1,0.4191667,0.4388889,False
15:02:02.004,(0.086770, -0.037479, 4.500000),1,0.4319444,0.4277778,False
15:02:02.004,(0.086770, -0.037479, 4.500000),1,0.4319444,0.4277778,False
15:02:02.019,(0.000790, -0.024251, 4.500000),1,0.4158333,0.4222222,False
15:02:02.019,(0.000790, -0.024251, 4.500000),1,0.4158333,0.4222222,False
15:02:02.046,(-0.052120, -0.017637, 4.500000),1,0.4172222,0.4055555,False
15:02:02.046,(-0.052120, -0.017637, 4.500000),1,0.4172222,0.4055555,False
15:02:02.057,(-0.111645, 0.002205, 4.500000),1,0.4172222,0.4055555,False
15:02:02.058,(-0.111645, 0.002205, 4.500000),1,0.4172222,0.4055555,False
15:02:02.086,(-0.138100, 0.015432, 4.500000),1,0.4219444,0.4055555,False
15:02:02.087,(-0.138100, 0.015432, 4.500000),1,0.4219444,0.4055555,False
15:02:02.106,(-0.157942, 0.035274, 4.500000),1,0.4219444,0.4055555,False
15:02:02.106,(-0.157942, 0.035274, 4.500000),1,0.4219444,0.4055555,False
15:02:02.121,(-0.171170, 0.041888, 4.500000),1,0.4219444,0.4055555,False
15:02:02.122,(-0.171170, 0.041888, 4.500000),1,0.4219444,0.4055555,False
15:02:02.139,(-0.171170, 0.035274, 4.500000),1,0.4302778,0.4055555,False
15:02:02.139,(-0.171170, 0.035274, 4.500000),1,0.4302778,0.4055555,False
15:02:02.158,(-0.157942, 0.015432, 4.500000),1,0.4391667,0.4055555,False
15:02:02.159,(-0.157942, 0.015432, 4.500000),1,0.4391667,0.4055555,False
15:02:02.174,(-0.138100, -0.030865, 4.500000),1,0.4391667,0.4055555,False
15:02:02.174,(-0.138100, -0.030865, 4.500000),1,0.4391667,0.4055555,False
15:02:02.202,(-0.124874, -0.063934, 4.500000),1,0.4486111,0.4111111,False
15:02:02.203,(-0.124874, -0.063934, 4.500000),1,0.4486111,0.4111111,False
15:02:02.222,(-0.105032, -0.136687, 4.500000),1,0.4583333,0.4111111,False
15:02:02.222,(-0.105032, -0.136687, 4.500000),1,0.4583333,0.4111111,False
15:02:02.239,(-0.098417, -0.189597, 4.500000),1,0.4555556,0.4166667,False
15:02:02.239,(-0.098417, -0.189597, 4.500000),1,0.4555556,0.4166667,False
15:02:02.258,(-0.098417, -0.235895, 4.500000),1,0.4555556,0.4166667,False
15:02:02.258,(-0.098417, -0.235895, 4.500000),1,0.4555556,0.4166667,False
15:02:02.276,(-0.105032, -0.282192, 4.500000),1,0.4555556,0.4166667,False
15:02:02.276,(-0.105032, -0.282192, 4.500000),1,0.4555556,0.4166667,False
15:02:02.298,(-0.131487, -0.335103, 4.500000),1,0.4663889,0.4166667,False
15:02:02.298,(-0.131487, -0.335103, 4.500000),1,0.4663889,0.4166667,False
15:02:02.322,(-0.157942, -0.394627, 4.500000),1,0.4638889,0.4222222,False
15:02:02.322,(-0.157942, -0.394627, 4.500000),1,0.4638889,0.4222222,False
15:02:02.345,(-0.197625, -0.447538, 4.500000),1,0.4638889,0.4222222,False
15:02:02.345,(-0.197625, -0.447538, 4.500000),1,0.4638889,0.4222222,False
15:02:02.361,(-0.263764, -0.493835, 4.500000),1,0.4522222,0.4222222,False
15:02:02.361,(-0.263764, -0.493835, 4.500000),1,0.4522222,0.4222222,False
15:02:02.375,(-0.296834, -0.513677, 4.500000),1,0.4522222,0.4222222,False
15:02:02.376,(-0.296834, -0.513677, 4.500000),1,0.4522222,0.4222222,False
15:02:02.398,(-0.356357, -0.526905, 4.500000),1,0.4486111,0.4277778,False
15:02:02.398,(-0.356357, -0.526905, 4.500000),1,0.4486111,0.4277778,False
15:02:02.414,(-0.422496, -0.540133, 4.500000),1,0.4486111,0.4277778,False
15:02:02.414,(-0.422496, -0.540133, 4.500000),1,0.4486111,0.4277778,False
15:02:02.444,(-0.488636, -0.540133, 4.500000),1,0.4319444,0.4277778,False
15:02:02.445,(-0.488636, -0.540133, 4.500000),1,0.4319444,0.4277778,False
15:02:02.464,(-0.581230, -0.520291, 4.500000),1,0.4319444,0.4277778,False
15:02:02.464,(-0.581230, -0.520291, 4.500000),1,0.4319444,0.4277778,False
15:02:02.479,(-0.647368, -0.500449, 4.500000),1,0.4319444,0.4277778,False
15:02:02.480,(-0.647368, -0.500449, 4.500000),1,0.4319444,0.4277778,False
15:02:02.493,(-0.706893, -0.467380, 4.500000),1,0.4202778,0.4277778,False
15:02:02.493,(-0.706893, -0.467380, 4.500000),1,0.4202778,0.4277778,False
15:02:02.517,(-0.726735, -0.454152, 4.500000),1,0.4097222,0.4222222,False
15:02:02.517,(-0.726735, -0.454152, 4.500000),1,0.4097222,0.4222222,False
15:02:02.532,(-0.779645, -0.394627, 4.500000),1,0.4097222,0.4222222,False
15:02:02.532,(-0.779645, -0.394627, 4.500000),1,0.3925,0.4277778,False
15:02:02.559,(-0.806100, -0.341716, 4.500000),1,0.3925,0.4277778,False
15:02:02.560,(-0.806100, -0.341716, 4.500000),1,0.3925,0.4277778,False
15:02:02.582,(-0.806100, -0.275578, 4.500000),1,0.3925,0.4277778,False
15:02:02.582,(-0.806100, -0.275578, 4.500000),1,0.3925,0.4277778,False
15:02:02.597,(-0.779645, -0.169756, 4.500000),1,0.3925,0.4277778,False
15:02:02.597,(-0.779645, -0.169756, 4.500000),1,0.3925,0.4277778,False
15:02:02.611,(-0.739962, -0.090390, 4.500000),1,0.3925,0.4277778,False
15:02:02.612,(-0.739962, -0.090390, 4.500000),1,0.3925,0.4277778,False
15:02:02.636,(-0.700278, -0.024251, 4.500000),1,0.3825,0.4166667,False
15:02:02.636,(-0.700278, -0.024251, 4.500000),1,0.3825,0.4166667,False
15:02:02.651,(-0.634140, 0.055116, 4.500000),1,0.3825,0.4166667,False
15:02:02.652,(-0.634140, 0.055116, 4.500000),1,0.3825,0.4166667,False
15:02:02.680,(-0.568001, 0.127868, 4.500000),1,0.3816667,0.4055555,False
15:02:02.681,(-0.568001, 0.127868, 4.500000),1,0.3816667,0.4055555,False
15:02:02.703,(-0.508476, 0.180779, 4.500000),1,0.3816667,0.4055555,False
15:02:02.704,(-0.508476, 0.180779, 4.500000),1,0.3816667,0.4055555,False
15:02:02.719,(-0.488636, 0.187393, 4.500000),1,0.3816667,0.4055555,False
15:02:02.719,(-0.488636, 0.187393, 4.500000),1,0.3816667,0.4055555,False
15:02:02.733,(-0.482021, 0.187393, 4.500000),1,0.3880556,0.4,False
15:02:02.733,(-0.482021, 0.187393, 4.500000),1,0.3880556,0.4,False
15:02:03.475,(-0.475408, 0.187393, 4.500000),0,0.4036111,0.4111111,False
15:02:03.476,(-0.475408, 0.187393, 4.500000),0,0.4036111,0.4111111,False
15:02:03.492,(-0.475408, 0.187393, 4.500000),0,0.4036111,0.4111111,False
15:02:03.493,(-0.475408, 0.187393, 4.500000),0,0.4036111,0.4111111,False
