15:02:29.008,(0.099999, -0.017637, 4.500000),0,0.5,0.4944444,False
15:02:29.008,(0.099999, -0.017637, 4.500000),0,0.5,0.4944444,False
15:02:29.032,(0.476990, -0.361558, 4.500000),0,0,0.5,False
15:02:29.033,(0.476990, -0.361558, 4.500000),0,0,0.5,False
15:02:29.044,(0.463762, -0.368172, 4.500000),0,0,0.5,False
15:02:29.046,(0.463762, -0.368172, 4.500000),0,0,0.5,False
15:02:29.072,(0.457148, -0.361558, 4.500000),0,0,0.5,False
15:02:29.073,(0.457148, -0.361558, 4.500000),0,0,0.5,False
15:02:29.090,(0.463762, -0.341716, 4.500000),0,0,0.5,False
15:02:29.090,(0.463762, -0.341716, 4.500000),0,0,0.5,False
15:02:29.106,(0.490217, -0.288806, 4.500000),0,0,0.5,False
15:02:29.107,(0.490217, -0.288806, 4.500000),0,0,0.5,False
15:02:29.124,(0.516673, -0.249122, 4.500000),1,0.3747222,0.4888889,False
15:02:29.125,(0.516673, -0.249122, 4.500000),1,0.3747222,0.4888889,False
15:02:29.146,(0.569584, -0.182984, 4.500000),1,0.3747222,0.4888889,False
15:02:29.146,(0.569584, -0.182984, 4.500000),1,0.3747222,0.4888889,False
15:02:29.163,(0.622494, -0.116845, 4.500000),1,0.3433333,0.4777778,False
15:02:29.164,(0.622494, -0.116845, 4.500000),1,0.3433333,0.4777778,False
15:02:29.189,(0.675406, -0.070548, 4.500000),1,0.3433333,0.4777778,False
15:02:29.190,(0.675406, -0.070548, 4.500000),1,0.3433333,0.4777778,False
15:02:29.211,(0.728316, -0.030865, 4.500000),1,0.3572222,0.4611111,False
15:02:29.211,(0.728316, -0.030865, 4.500000),1,0.3572222,0.4611111,False
15:02:29.226,(0.807683, -0.004409, 4.500000),1,0.3486111,0.45,False
15:02:29.227,(0.807683, -0.004409, 4.500000),1,0.3486111,0.45,False
15:02:29.244,(0.847366, 0.002205, 4.500000),1,0.3627778,0.4444444,False
15:02:29.244,(0.847366, 0.002205, 4.500000),1,0.3627778,0.4444444,False
15:02:29.265,(0.913505, -0.004409, 4.500000),1,0.3627778,0.4444444,False
15:02:29.265,(0.913505, -0.004409, 4.500000),1,0.3627778,0.4444444,False
15:02:29.283,(0.979643, -0.017637, 4.500000),1,0.3627778,0.4444444,False
15:02:29.283,(0.979643, -0.017637, 4.500000),1,0.3627778,0.4444444,False
15:02:29.308,(1.032555, -0.037479, 4.500000),1,0.3572222,0.4277778,False
15:02:29.308,(1.032555, -0.037479, 4.500000),1,0.3572222,0.4277778,False
15:02:29.330,(1.072236, -0.050706, 4.500000),1,0.3572222,0.4277778,False
15:02:29.330,(1.072236, -0.050706, 4.500000),1,0.3572222,0.4277778,False
15:02:29.348,(1.111920, -0.083776, 4.500000),1,0.3572222,0.4277778,False
15:02:29.348,(1.111920, -0.083776, 4.500000),1,0.3572222,0.4277778,False
15:02:29.362,(1.138375, -0.110231, 4.500000),1,0.3572222,0.4277778,False
15:02:29.363,(1.138375, -0.110231, 4.500000),1,0.3572222,0.4277778,False
15:02:29.385,(1.144990, -0.130073, 4.500000),1,0.3572222,0.4277778,False
15:02:29.385,(1.144990, -0.130073, 4.500000),1,0.3572222,0.4277778,False
15:02:29.401,(1.144990, -0.169756, 4.500000),1,0.3747222,0.4277778,False
15:02:29.401,(1.144990, -0.169756, 4.500000),1,0.3747222,0.4277778,False
15:02:29.427,(1.131762, -0.196211, 4.500000),1,0.3747222,0.4166667,False
15:02:29.428,(1.131762, -0.196211, 4.500000),1,0.3747222,0.4166667,False
15:02:29.447,(1.098693, -0.229281, 4.500000),1,0.3747222,0.4166667,False
15:02:29.447,(1.098693, -0.229281, 4.500000),1,0.3747222,0.4166667,False
15:02:29.463,(1.032555, -0.268964, 4.500000),1,0.3747222,0.4166667,False
15:02:29.464,(1.032555, -0.268964, 4.500000),1,0.3747222,0.4166667,False
15:02:29.477,(0.979643, -0.288806, 4.500000),1,0.3841667,0.4277778,False
15:02:29.478,(0.979643, -0.288806, 4.500000),1,0.3841667,0.4277778,False
15:02:29.504,(0.900276, -0.315261, 4.500000),1,0.3947222,0.4333333,False
15:02:29.504,(0.900276, -0.315261, 4.500000),1,0.3947222,0.4333333,False
15:02:29.521,(0.801069, -0.348330, 4.500000),1,0.3947222,0.4333333,False
15:02:29.522,(0.801069, -0.348330, 4.500000),1,0.3947222,0.4333333,False
15:02:29.546,(0.701860, -0.374786, 4.500000),1,0.3947222,0.4333333,False
15:02:29.546,(0.701860, -0.374786, 4.500000),1,0.3947222,0.4333333,False
15:02:29.567,(0.609267, -0.394627, 4.500000),1,0.3947222,0.4333333,False
15:02:29.567,(0.609267, -0.394627, 4.500000),1,0.3947222,0.4333333,False
15:02:29.584,(0.476990, -0.414469, 4.500000),1,0.3975,0.4444444,False
15:02:29.584,(0.476990, -0.414469, 4.500000),1,0.3975,0.4444444,False
15:02:29.598,(0.410850, -0.427697, 4.500000),1,0.3975,0.4444444,False
15:02:29.599,(0.410850, -0.427697, 4.500000),1,0.3975,0.4444444,False
15:02:29.621,(0.311643, -0.440924, 4.500000),1,0.4108333,0.4444444,False
15:02:29.622,(0.311643, -0.440924, 4.500000),1,0.4108333,0.4444444,False
15:02:29.639,(0.212434, -0.454152, 4.500000),1,0.4108333,0.4444444,False
15:02:29.640,(0.212434, -0.454152, 4.500000),1,0.4011111,0.45,False
15:02:29.666,(0.133069, -0.460766, 4.500000),1,0.4011111,0.45,False
15:02:29.667,(0.133069, -0.460766, 4.500000),1,0.4011111,0.45,False
15:02:29.687,(0.073544, -0.460766, 4.500000),1,0.3747222,0.45,False
15:02:29.688,(0.073544, -0.460766, 4.500000),1,0.3747222,0.45,False
15:02:30.068,(0.027247, -0.454152, 4.500000),0,0,0.5,False
15:02:30.069,(0.027247, -0.454152, 4.500000),0,0,0.5,False
15:02:30.086,(0.490217, 0.862007, 4.500000),0,0,0.5,False
15:02:30.087,(0.490217, 0.862007, 4.500000),0,0,0.5,False
15:02:30.114,(0.483603, 0.881849, 4.500000),0,0,0.5,False
15:02:30.114,(0.483603, 0.881849, 4.500000),0,0,0.5,False
15:02:30.127,(0.476990, 0.881849, 4.500000),0,0,0.5,True
15:02:30.128,(0.476990, 0.881849, 4.500000),0,0,0.5,True
15:02:30.155,(0.483603, 0.855393, 4.500000),0,0.5,0.4111111,True
15:02:30.155,(0.483603, 0.855393, 4.500000),0,0.5,0.4111111,True
15:02:30.177,(0.490217, 0.782641, 4.500000),0.7166402,0.4608333,0.3833333,True
15:02:30.177,(0.490217, 0.782641, 4.500000),0.7166402,0.4608333,0.3833333,True
15:02:30.193,(0.490217, 0.703274, 4.500000),0.7166402,0.4608333,0.3833333,True
15:02:30.193,(0.490217, 0.703274, 4.500000),0.7166402,0.4608333,0.3833333,True
15:02:30.205,(0.496832, 0.623908, 4.500000),0.7082163,0.4486111,0.3722222,True
15:02:30.206,(0.496832, 0.623908, 4.500000),0.7082163,0.4486111,0.3722222,True
15:02:30.229,(0.496832, 0.570997, 4.500000),0.7107801,0.4486111,0.3722222,True
15:02:30.230,(0.496832, 0.570997, 4.500000),0.7107801,0.4486111,0.3722222,True
15:02:30.245,(0.496832, 0.478403, 4.500000),0.8350629,0.4419445,0.3722222,True
15:02:30.246,(0.496832, 0.478403, 4.500000),0.8350629,0.4419445,0.3722222,True
15:02:30.272,(0.490217, 0.405650, 4.500000),1,0.4325,0.3777778,True
15:02:30.273,(0.490217, 0.405650, 4.500000),1,0.4325,0.3777778,True
15:02:30.293,(0.490216, 0.339512, 4.500000),1,0.4325,0.3777778,True
15:02:30.294,(0.490216, 0.339512, 4.500000),1,0.4325,0.3777778,True
15:02:30.311,(0.503445, 0.253531, 4.500000),1,0.4325,0.3777778,True
15:02:30.311,(0.503445, 0.253531, 4.500000),1,0.4325,0.3777778,True
15:02:30.324,(0.503445, 0.200621, 4.500000),1,0.4227778,0.3777778,True
15:02:30.324,(0.503445, 0.200621, 4.500000),1,0.4227778,0.3777778,True
15:02:30.349,(0.503445, 0.167551, 4.500000),1,0.4163889,0.3777778,True
15:02:30.350,(0.503445, 0.167551, 4.500000),1,0.4163889,0.3777778,True
15:02:30.363,(0.510058, 0.108026, 4.500000),1,0.4163889,0.3777778,True
15:02:30.363,(0.510058, 0.108026, 4.500000),1,0.4163889,0.3777778,True
15:02:30.390,(0.510058, 0.081571, 4.500000),1,0.4163889,0.3777778,True
15:02:30.391,(0.510058, 0.081571, 4.500000),1,0.4163889,0.3777778,True
15:02:30.411,(0.516673, 0.048502, 4.500000),1,0.4038889,0.3888889,True
15:02:30.411,(0.516673, 0.048502, 4.500000),1,0.4038889,0.3888889,True
15:02:30.428,(0.516673, 0.015432, 4.500000),1,0.3991667,0.3944444,True
15:02:30.429,(0.516673, 0.015432, 4.500000),1,0.3991667,0.3944444,True
15:02:30.444,(0.516673, -0.004409, 4.500000),1,0.3991667,0.3944444,True
15:02:30.444,(0.516673, -0.004409, 4.500000),1,0.3991667,0.3944444,True
15:02:30.464,(0.523287, -0.024251, 4.500000),1,0.3991667,0.3944444,True
15:02:30.464,(0.523287, -0.024251, 4.500000),1,0.3991667,0.3944444,True
15:02:30.483,(0.529900, -0.044092, 4.500000),1,0.3816667,0.4055555,True
15:02:30.483,(0.529900, -0.044092, 4.500000),1,0.3816667,0.4055555,True
15:02:30.509,(0.529900, -0.057320, 4.500000),1,0.3816667,0.4055555,True
15:02:30.509,(0.529900, -0.057320, 4.500000),1,0.3816667,0.4055555,True
15:02:30.530,(0.529900, -0.063934, 4.500000),1,0.3747222,0.4111111,True
15:02:30.531,(0.529900, -0.063934, 4.500000),1,0.3747222,0.4111111,True
15:02:30.547,(0.529900, -0.090390, 4.500000),1,0.3747222,0.4111111,True
15:02:30.547,(0.529900, -0.090390, 4.500000),1,0.3747222,0.4111111,True
15:02:30.563,(0.536513, -0.097003, 4.500000),1,0.3747222,0.4111111,True
15:02:30.563,(0.536513, -0.097003, 4.500000),1,0.3747222,0.4111111,True
15:02:30.584,(0.536513, -0.110231, 4.500000),1,0.3672222,0.4166667,True
15:02:30.585,(0.536513, -0.110231, 4.500000),1,0.3672222,0.4166667,True
15:02:30.604,(0.536513, -0.116845, 4.500000),1,0.3672222,0.4166667,True
15:02:30.604,(0.536513, -0.116845, 4.500000),1,0.3672222,0.4166667,True
15:02:30.628,(0.543128, -0.123459, 4.500000),1,0.3672222,0.4166667,True
15:02:30.628,(0.543128, -0.123459, 4.500000),1,0.3672222,0.4166667,True
15:02:30.647,(0.543129, -0.130073, 4.500000),1,0.3672222,0.4166667,True
15:02:30.648,(0.543129, -0.130073, 4.500000),1,0.3672222,0.4166667,True
15:02:30.668,(0.543129, -0.143301, 4.500000),1,0.3672222,0.4166667,True
15:02:30.669,(0.543129, -0.143301, 4.500000),1,0.3672222,0.4166667,True
15:02:30.682,(0.543129, -0.149914, 4.500000),1,0.3672222,0.4166667,True
15:02:30.683,(0.543129, -0.149914, 4.500000),1,0.3672222,0.4166667,True
15:02:30.707,(0.543129, -0.156528, 4.500000),1,0.3672222,0.4166667,True
15:02:30.707,(0.543129, -0.156528, 4.500000),1,0.3672222,0.4166667,True
15:02:30.722,(0.549742, -0.163142, 4.500000),1,0.3672222,0.4166667,True
15:02:30.722,(0.549742, -0.163142, 4.500000),1,0.3672222,0.4166667,True
15:02:30.749,(0.549742, -0.169756, 4.500000),1,0.3747222,0.4277778,True
15:02:30.749,(0.549742, -0.169756, 4.500000),1,0.3747222,0.4277778,True
15:02:30.767,(0.549742, -0.176370, 4.500000),1,0.3747222,0.4277778,True
15:02:30.767,(0.549742, -0.176370, 4.500000),1,0.3747222,0.4277778,True
15:02:30.786,(0.549742, -0.182984, 4.500000),1,0.3747222,0.4277778,True
15:02:30.786,(0.549742, -0.182984, 4.500000),1,0.3747222,0.4277778,True
15:02:30.802,(0.549742, -0.182984, 4.500000),1,0.3747222,0.4277778,True
15:02:30.802,(0.549742, -0.182984, 4.500000),1,0.3747222,0.4277778,True
15:02:30.827,(0.549742, -0.182984, 4.500000),1,0.3747222,0.4333333,True
15:02:30.827,(0.549742, -0.182984, 4.500000),1,0.3747222,0.4333333,True
15:02:30.846,(0.549742, -0.196211, 4.500000),1,0.3747222,0.4333333,True
15:02:30.846,(0.549742, -0.196211, 4.500000),1,0.3747222,0.4333333,True
15:02:30.868,(0.549742, -0.196211, 4.500000),1,0.3747222,0.4333333,True
15:02:30.869,(0.549742, -0.196211, 4.500000),1,0.3747222,0.4333333,True
15:02:30.888,(0.556355, -0.202825, 4.500000),1,0.3641667,0.4388889,True
15:02:30.889,(0.556355, -0.202825, 4.500000),1,0.3641667,0.4388889,True
15:02:30.908,(0.556355, -0.202825, 4.500000),1,0.3641667,0.4388889,True
15:02:30.908,(0.556355, -0.202825, 4.500000),1,0.3641667,0.4388889,True
15:02:30.923,(0.556355, -0.202825, 4.500000),1,0.3641667,0.4388889,True
15:02:30.924,(0.556355, -0.202825, 4.500000),1,0.3641667,0.4388889,True
15:02:30.946,(0.556355, -0.202825, 4.500000),1,0.3522222,0.4444444,True
15:02:30.946,(0.556355, -0.202825, 4.500000),1,0.3522222,0.4444444,True
15:02:30.961,(0.556355, -0.202825, 4.500000),1,0.3627778,0.4444444,True
15:02:30.961,(0.556355, -0.202825, 4.500000),1,0.3627778,0.4444444,True
15:02:31.727,(0.549742, -0.202825, 4.500000),0,0,0.5,True
15:02:31.727,(0.549742, -0.202825, 4.500000),0,0,0.5,True
15:02:31.741,(0.549742, -0.202825, 4.500000),0,0,0.5,True
15:02:31.741,(0.549742, -0.202825, 4.500000),0,0,0.5,True
15:02:31.761,(0.549742, -0.202825, 4.500000),0,0,0.5,True
15:02:31.761,(0.549742, -0.202825, 4.500000),0,0,0.5,True
