14:04:02.306,(-2.459569, -0.447538, 4.500000),0,0,0.5,False
14:04:02.306,(-2.459569, -0.447538, 4.500000),0,0,0.5,False
14:04:02.328,(-1.798181, -0.407855, 4.500000),0,0,0.5,False
14:04:02.328,(-1.798181, -0.407855, 4.500000),0,0,0.5,False
14:04:02.349,(-1.798181, -0.407855, 4.500000),0,0,0.5,False
14:04:02.349,(-1.798181, -0.407855, 4.500000),0,0,0.5,False
14:04:02.364,(-1.811408, -0.407855, 4.500000),0,0,0.5,False
14:04:02.365,(-1.811408, -0.407855, 4.500000),0,0,0.5,False
14:04:02.378,(-1.831250, -0.414469, 4.500000),0,0,0.5,False
14:04:02.378,(-1.831250, -0.414469, 4.500000),0,0,0.5,False
14:04:02.393,(-1.851091, -0.414469, 4.500000),0,0,0.5,False
14:04:02.394,(-1.851091, -0.414469, 4.500000),0,0,0.5,False
14:04:02.407,(-1.864320, -0.407855, 4.500000),0.5138566,0,0.5,False
14:04:02.407,(-1.864320, -0.407855, 4.500000),0.5138566,0,0.5,False
14:04:02.429,(-1.877547, -0.407855, 4.500000),0.504334,0,0.5,False
14:04:02.430,(-1.877547, -0.407855, 4.500000),0.504212,0,0.5,False
14:04:02.451,(-1.897388, -0.381400, 4.500000),0.504212,0,0.5,False
14:04:02.452,(-1.897388, -0.381400, 4.500000),0.504212,0,0.5,False
14:04:02.470,(-1.917230, -0.354944, 4.500000),0.5138566,0,0.5,False
14:04:02.470,(-1.917230, -0.354944, 4.500000),0.5138566,0,0.5,False
14:04:02.482,(-1.923845, -0.321875, 4.500000),0.5294836,0,0.5,False
14:04:02.482,(-1.923845, -0.321875, 4.500000),0.5294836,0,0.5,False
14:04:02.503,(-1.923845, -0.302033, 4.500000),0.5812477,0,0.5,False
14:04:02.503,(-1.923845, -0.302033, 4.500000),0.5812477,0,0.5,False
14:04:02.518,(-1.917230, -0.282192, 4.500000),0.5812477,0,0.5,False
14:04:02.518,(-1.917230, -0.282192, 4.500000),0.5812477,0,0.5,False
14:04:02.541,(-1.917230, -0.262350, 4.500000),0.6679282,0,0.5,False
14:04:02.541,(-1.917230, -0.262350, 4.500000),0.6679282,0,0.5,False
14:04:02.564,(-1.897388, -0.242509, 4.500000),0.6679282,0,0.5,False
14:04:02.564,(-1.897388, -0.242509, 4.500000),0.6679282,0,0.5,False
14:04:02.579,(-1.870933, -0.229281, 4.500000),1,0.5,0.4944444,False
14:04:02.579,(-1.870933, -0.229281, 4.500000),1,0.5,0.4944444,False
14:04:02.591,(-1.851091, -0.222667, 4.500000),1,0.5,0.4888889,False
14:04:02.591,(-1.851091, -0.222667, 4.500000),1,0.5,0.4888889,False
14:04:02.610,(-1.831250, -0.222667, 4.500000),1,0.5,0.4888889,False
14:04:02.610,(-1.831250, -0.222667, 4.500000),1,0.5,0.4888889,False
14:04:02.622,(-1.804795, -0.229281, 4.500000),1,0.5,0.4888889,False
14:04:02.623,(-1.804795, -0.229281, 4.500000),1,0.5,0.4888889,False
14:04:02.645,(-1.798181, -0.235895, 4.500000),1,0.5,0.4888889,False
14:04:02.645,(-1.798181, -0.235895, 4.500000),1,0.5,0.4888889,False
14:04:02.666,(-1.765111, -0.249122, 4.500000),1,0.5,0.4833333,False
14:04:02.666,(-1.765111, -0.249122, 4.500000),1,0.5,0.4833333,False
14:04:02.682,(-1.732043, -0.302033, 4.500000),1,0.5,0.4777778,False
14:04:02.682,(-1.732043, -0.302033, 4.500000),1,0.5,0.4777778,False
14:04:02.693,(-1.725428, -0.328489, 4.500000),1,0.5,0.4777778,False
14:04:02.693,(-1.725428, -0.328489, 4.500000),1,0.5,0.4777778,False
14:04:02.709,(-1.718815, -0.368172, 4.500000),1,0.5,0.4777778,False
14:04:02.710,(-1.718815, -0.368172, 4.500000),1,0.5,0.4777778,False
14:04:02.725,(-1.705586, -0.407855, 4.500000),1,0.5,0.4722222,False
14:04:02.725,(-1.705586, -0.407855, 4.500000),1,0.5,0.4722222,False
14:04:02.744,(-1.705586, -0.460766, 4.500000),1,0.5,0.4722222,False
14:04:02.744,(-1.705586, -0.460766, 4.500000),1,0.5,0.4722222,False
14:04:02.766,(-1.705586, -0.500449, 4.500000),1,0.5,0.4666667,False
14:04:02.766,(-1.705586, -0.500449, 4.500000),1,0.5,0.4666667,False
14:04:02.781,(-1.738656, -0.579816, 4.500000),1,0.5,0.4666667,False
14:04:02.781,(-1.738656, -0.579816, 4.500000),1,0.5,0.4666667,False
14:04:02.793,(-1.765111, -0.612885, 4.500000),1,0.5,0.4666667,False
14:04:02.794,(-1.765111, -0.612885, 4.500000),1,0.5,0.4666667,False
14:04:02.812,(-1.798181, -0.645954, 4.500000),1,0.5,0.4666667,False
14:04:02.812,(-1.798181, -0.645954, 4.500000),1,0.5,0.4666667,False
14:04:02.825,(-1.851091, -0.685638, 4.500000),1,0.5,0.4777778,False
14:04:02.825,(-1.851091, -0.685638, 4.500000),1,0.5,0.4777778,False
14:04:02.846,(-1.890775, -0.705479, 4.500000),1,0.5,0.4777778,False
14:04:02.846,(-1.890775, -0.705479, 4.500000),1,0.5,0.4777778,False
14:04:02.867,(-1.950300, -0.725321, 4.500000),1,0.5,0.4833333,False
14:04:02.867,(-1.950300, -0.725321, 4.500000),1,0.5,0.4833333,False
14:04:02.882,(-2.009825, -0.738549, 4.500000),1,0.5,0.4833333,False
14:04:02.883,(-2.009825, -0.738549, 4.500000),1,0.5,0.4833333,False
14:04:02.896,(-2.075964, -0.751776, 4.500000),1,0.5,0.4833333,False
14:04:02.896,(-2.075964, -0.751776, 4.500000),1,0.5,0.4833333,False
14:04:02.912,(-2.115647, -0.758390, 4.500000),1,0.5,0.4888889,False
14:04:02.912,(-2.115647, -0.758390, 4.500000),1,0.5,0.4888889,False
14:04:02.929,(-2.155329, -0.758390, 4.500000),1,0.5,0.4944444,False
14:04:02.929,(-2.155329, -0.758390, 4.500000),1,0.5,0.4944444,False
14:04:02.954,(-2.214854, -0.745162, 4.500000),1,0.5,0.4944444,False
14:04:02.955,(-2.214854, -0.745162, 4.500000),1,0.5,0.4944444,False
14:04:02.976,(-2.261151, -0.712093, 4.500000),1,0,0.5,False
14:04:02.976,(-2.261151, -0.712093, 4.500000),1,0,0.5,False
14:04:02.993,(-2.314063, -0.632727, 4.500000),1,0,0.5,False
14:04:02.993,(-2.314063, -0.632727, 4.500000),1,0,0.5,False
14:04:03.004,(-2.340518, -0.553360, 4.500000),1,0,0.5,False
14:04:03.004,(-2.340518, -0.553360, 4.500000),1,0,0.5,False
14:04:03.023,(-2.340518, -0.526905, 4.500000),1,0,0.5,False
14:04:03.024,(-2.340518, -0.526905, 4.500000),1,0,0.5,False
14:04:03.039,(-2.347131, -0.460766, 4.500000),1,0,0.5,False
14:04:03.039,(-2.347131, -0.460766, 4.500000),1,0,0.5,False
14:04:03.062,(-2.340518, -0.421083, 4.500000),1,0,0.5,False
14:04:03.063,(-2.340518, -0.421083, 4.500000),1,0,0.5,False
14:04:03.556,(-2.327290, -0.368172, 4.500000),0,0,0.5,False
14:04:03.556,(-2.327290, -0.368172, 4.500000),0,0,0.5,False
14:04:03.579,(-1.705586, -0.063934, 4.500000),0,0,0.5,False
14:04:03.579,(-1.705586, -0.063934, 4.500000),0,0,0.5,False
14:04:03.592,(-1.705586, -0.057320, 4.500000),0,0,0.5,False
14:04:03.592,(-1.705586, -0.057320, 4.500000),0,0,0.5,False
14:04:03.607,(-1.705586, -0.050706, 4.500000),0,0,0.5,False
14:04:03.608,(-1.705586, -0.050706, 4.500000),0,0,0.5,False
14:04:03.626,(-1.712201, -0.050706, 4.500000),0,0,0.5,False
14:04:03.626,(-1.712201, -0.050706, 4.500000),0,0,0.5,False
14:04:03.646,(-1.732043, -0.050706, 4.500000),0,0,0.5,False
14:04:03.646,(-1.732043, -0.050706, 4.500000),0,0,0.5,False
14:04:03.665,(-1.758498, -0.057320, 4.500000),0.216335,0.5,0.4888889,False
14:04:03.665,(-1.758498, -0.057320, 4.500000),0.216335,0.5,0.4888889,False
14:04:03.681,(-1.811408, -0.063934, 4.500000),0.2124283,0.5,0.4888889,False
14:04:03.681,(-1.811408, -0.063934, 4.500000),0.2124283,0.5,0.4888889,False
14:04:03.694,(-1.837863, -0.063934, 4.500000),0.2452692,0.5,0.4777778,False
14:04:03.694,(-1.837863, -0.063934, 4.500000),0.2452692,0.5,0.4777778,False
14:04:03.708,(-1.877546, -0.063934, 4.500000),0.2452692,0.5,0.4777778,False
14:04:03.708,(-1.877546, -0.063934, 4.500000),0.2452692,0.5,0.4777778,False
14:04:03.720,(-1.910617, -0.070548, 4.500000),0.2452692,0.5,0.4777778,False
14:04:03.722,(-1.910617, -0.070548, 4.500000),0.2452692,0.5,0.4777778,False
14:04:03.744,(-1.943687, -0.070548, 4.500000),0.4191186,0.5,0.4611111,False
14:04:03.744,(-1.943687, -0.070548, 4.500000),0.4191186,0.5,0.4611111,False
14:04:03.766,(-1.983368, -0.077162, 4.500000),0.4616042,0.5,0.4611111,False
14:04:03.766,(-1.983368, -0.077162, 4.500000),0.4616042,0.5,0.4611111,False
14:04:05.326,(-2.003210, -0.083776, 4.500000),0,0,0.5,True
14:04:05.327,(-2.003210, -0.083776, 4.500000),0,0,0.5,True
14:04:05.343,(-2.003210, -0.083776, 4.500000),0,0,0.5,True
14:04:05.343,(-2.003210, -0.083776, 4.500000),0,0,0.5,True
14:04:05.360,(-2.003210, -0.083776, 4.500000),0,0,0.5,True
14:04:05.360,(-2.003210, -0.083776, 4.500000),0,0,0.5,True
14:04:05.374,(-2.003210, -0.083776, 4.500000),0,0,0.5,True
14:04:05.374,(-2.003210, -0.083776, 4.500000),0,0,0.5,True
