14:00:28.389,(-2.929151, -0.388014, 4.500000),0,0,0.5,True
14:00:28.389,(-2.929151, -0.388014, 4.500000),0,0,0.5,True
14:00:28.410,(-2.208241, -0.407855, 4.500000),0,0,0.5,True
14:00:28.411,(-2.208241, -0.407855, 4.500000),0,0,0.5,True
14:00:28.433,(-2.208241, -0.407855, 4.500000),0,0,0.5,True
14:00:28.433,(-2.208241, -0.407855, 4.500000),0,0,0.5,True
14:00:28.447,(-2.221467, -0.421083, 4.500000),0,0,0.5,True
14:00:28.448,(-2.221467, -0.421083, 4.500000),0,0,0.5,True
14:00:28.460,(-2.247924, -0.427697, 4.500000),0,0,0.5,True
14:00:28.460,(-2.247924, -0.427697, 4.500000),0,0,0.5,True
14:00:28.476,(-2.261151, -0.427697, 4.500000),0.1328287,0,0.5,True
14:00:28.476,(-2.261151, -0.427697, 4.500000),0.1328287,0,0.5,True
14:00:28.489,(-2.274379, -0.427697, 4.500000),0.133195,0,0.5,True
14:00:28.489,(-2.274379, -0.427697, 4.500000),0.133195,0,0.5,True
14:00:28.513,(-2.287608, -0.421083, 4.500000),0.1322183,0,0.5,True
14:00:28.513,(-2.287608, -0.421083, 4.500000),0.1322183,0,0.5,True
14:00:28.533,(-2.307450, -0.414469, 4.500000),0.1323404,0,0.5,True
14:00:28.533,(-2.307450, -0.414469, 4.500000),0.1323404,0,0.5,True
14:00:28.548,(-2.327290, -0.401241, 4.500000),0.1357588,0,0.5,True
14:00:28.548,(-2.327290, -0.401241, 4.500000),0.1357588,0,0.5,True
14:00:28.560,(-2.340518, -0.381400, 4.500000),0.1731168,0,0.5,True
14:00:28.561,(-2.340518, -0.381400, 4.500000),0.1731168,0,0.5,True
14:00:28.576,(-2.347131, -0.361558, 4.500000),0.1731168,0,0.5,True
14:00:28.576,(-2.347131, -0.361558, 4.500000),0.1731168,0,0.5,True
14:00:28.590,(-2.347131, -0.341716, 4.500000),0.1731168,0,0.5,True
14:00:28.591,(-2.347131, -0.341716, 4.500000),0.1731168,0,0.5,True
14:00:28.611,(-2.340518, -0.315261, 4.500000),0.2286656,0,0.5,True
14:00:28.611,(-2.340518, -0.315261, 4.500000),0.2286656,0,0.5,True
14:00:28.632,(-2.327290, -0.282192, 4.500000),0.230619,0,0.5,True
14:00:28.632,(-2.327290, -0.282192, 4.500000),0.230619,0,0.5,True
14:00:28.647,(-2.300835, -0.262350, 4.500000),0.230619,0,0.5,True
14:00:28.647,(-2.300835, -0.262350, 4.500000),0.230619,0,0.5,True
14:00:28.662,(-2.274379, -0.249122, 4.500000),0.2339153,0,0.5,True
14:00:28.662,(-2.274379, -0.249122, 4.500000),0.2339153,0,0.5,True
14:00:28.676,(-2.261151, -0.249122, 4.500000),0.2359907,0.5,0.4944444,True
14:00:28.676,(-2.261151, -0.249122, 4.500000),0.2359907,0.5,0.4944444,True
14:00:28.688,(-2.241309, -0.255736, 4.500000),0.2826273,0.5,0.4944444,True
14:00:28.689,(-2.241309, -0.255736, 4.500000),0.2826273,0.5,0.4944444,True
14:00:28.712,(-2.228083, -0.262350, 4.500000),0.2928824,0.5,0.4944444,True
14:00:28.713,(-2.228083, -0.262350, 4.500000),0.2928824,0.5,0.4944444,True
14:00:28.734,(-2.201626, -0.288806, 4.500000),0.3100964,0.5,0.4888889,True
14:00:28.734,(-2.201626, -0.288806, 4.500000),0.3100964,0.5,0.4888889,True
14:00:28.749,(-2.175171, -0.348330, 4.500000),0.309486,0.5,0.4888889,True
14:00:28.749,(-2.175171, -0.348330, 4.500000),0.309486,0.5,0.4888889,True
14:00:28.761,(-2.168557, -0.388014, 4.500000),0.3103406,0.5,0.4833333,True
14:00:28.761,(-2.168557, -0.388014, 4.500000),0.3103406,0.5,0.4833333,True
14:00:28.776,(-2.168558, -0.427697, 4.500000),0.3103406,0.5,0.4833333,True
14:00:28.777,(-2.168558, -0.427697, 4.500000),0.3103406,0.5,0.4833333,True
14:00:28.795,(-2.168558, -0.473994, 4.500000),0.3103406,0.5,0.4833333,True
14:00:28.795,(-2.168558, -0.473994, 4.500000),0.3103406,0.5,0.4833333,True
14:00:28.821,(-2.188399, -0.553360, 4.500000),0.3103406,0.5,0.4833333,True
14:00:28.821,(-2.188399, -0.553360, 4.500000),0.3103406,0.5,0.4833333,True
14:00:28.842,(-2.228083, -0.645954, 4.500000),0.3103406,0.5,0.4833333,True
14:00:28.842,(-2.228083, -0.645954, 4.500000),0.3103406,0.5,0.4833333,True
14:00:28.860,(-2.267766, -0.705479, 4.500000),0.3103406,0.5,0.4833333,True
14:00:28.860,(-2.267766, -0.705479, 4.500000),0.3103406,0.5,0.4833333,True
14:00:28.872,(-2.327289, -0.745162, 4.500000),0.3318276,0.5,0.4777778,True
14:00:28.873,(-2.327289, -0.745162, 4.500000),0.3318276,0.5,0.4777778,True
14:00:28.891,(-2.366973, -0.765004, 4.500000),0.4062996,0.5,0.4833333,True
14:00:28.892,(-2.366973, -0.765004, 4.500000),0.4062996,0.5,0.4833333,True
14:00:28.905,(-2.406656, -0.778232, 4.500000),0.4062996,0.5,0.4833333,True
14:00:28.905,(-2.406656, -0.778232, 4.500000),0.4062996,0.5,0.4833333,True
14:00:28.927,(-2.472795, -0.784845, 4.500000),0.4062996,0.5,0.4833333,True
14:00:28.928,(-2.472795, -0.784845, 4.500000),0.4062996,0.5,0.4833333,True
14:00:28.947,(-2.538934, -0.778232, 4.500000),0.4062996,0.5,0.4833333,True
14:00:28.947,(-2.538934, -0.778232, 4.500000),0.4062996,0.5,0.4833333,True
14:00:28.963,(-2.591845, -0.758390, 4.500000),0.5801489,0.5,0.4888889,True
14:00:28.963,(-2.591845, -0.758390, 4.500000),0.5801489,0.5,0.4888889,True
14:00:28.976,(-2.624914, -0.731935, 4.500000),0.5856428,0.5,0.4944444,True
14:00:28.976,(-2.624914, -0.731935, 4.500000),0.5856428,0.5,0.4944444,True
14:00:28.990,(-2.651371, -0.698865, 4.500000),0.5890611,0,0.5,True
14:00:28.991,(-2.651371, -0.698865, 4.500000),0.5890611,0,0.5,True
14:00:29.005,(-2.684439, -0.619499, 4.500000),0.5890611,0,0.5,True
14:00:29.005,(-2.684439, -0.619499, 4.500000),0.5890611,0,0.5,True
14:00:29.027,(-2.697667, -0.566588, 4.500000),0.5895495,0,0.5,True
14:00:29.027,(-2.697667, -0.566588, 4.500000),0.5895495,0,0.5,True
14:00:29.046,(-2.710894, -0.487221, 4.500000),0.5867416,0,0.5,True
14:00:29.046,(-2.710894, -0.487221, 4.500000),0.5867416,0,0.5,True
14:00:29.061,(-2.710894, -0.414469, 4.500000),0.5818582,0,0.5,True
14:00:29.061,(-2.710894, -0.414469, 4.500000),0.5818582,0,0.5,True
14:00:29.439,(-2.704281, -0.374786, 4.500000),0,0,0.5,True
14:00:29.439,(-2.704281, -0.374786, 4.500000),0,0,0.5,True
14:00:29.460,(-2.168557, -0.090390, 4.500000),0,0,0.5,True
14:00:29.461,(-2.168557, -0.090390, 4.500000),0,0,0.5,True
14:00:29.473,(-2.175171, -0.090390, 4.500000),0,0,0.5,True
14:00:29.473,(-2.175171, -0.090390, 4.500000),0,0,0.5,True
14:00:29.494,(-2.188399, -0.090390, 4.500000),0,0,0.5,True
14:00:29.495,(-2.188399, -0.090390, 4.500000),0,0,0.5,True
14:00:29.512,(-2.221467, -0.097003, 4.500000),0,0,0.5,True
14:00:29.513,(-2.221467, -0.097003, 4.500000),0,0,0.5,True
14:00:29.528,(-2.274379, -0.103617, 4.500000),0.3091198,0,0.5,True
14:00:29.528,(-2.274379, -0.103617, 4.500000),0.3091198,0,0.5,True
14:00:29.541,(-2.320676, -0.110231, 4.500000),0.3091198,0,0.5,True
14:00:29.541,(-2.320676, -0.110231, 4.500000),0.3091198,0,0.5,True
14:00:29.562,(-2.347131, -0.116845, 4.500000),0.3301184,0.5,0.4944444,True
14:00:29.563,(-2.347131, -0.116845, 4.500000),0.3301184,0.5,0.4944444,True
14:00:29.575,(-2.393428, -0.116845, 4.500000),0.3301184,0.5,0.4944444,True
14:00:29.576,(-2.393428, -0.116845, 4.500000),0.3301184,0.5,0.4944444,True
14:00:29.596,(-2.419885, -0.123459, 4.500000),0.3306068,0.5,0.4888889,True
14:00:29.596,(-2.419885, -0.123459, 4.500000),0.3306068,0.5,0.4888889,True
14:00:29.618,(-2.433112, -0.123459, 4.500000),0.3384202,0.5,0.4888889,True
14:00:29.618,(-2.433112, -0.123459, 4.500000),0.3384202,0.5,0.4888889,True
14:00:29.632,(-2.459569, -0.123459, 4.500000),0.3763887,0.5,0.4833333,True
14:00:29.633,(-2.459569, -0.123459, 4.500000),0.3763887,0.5,0.4833333,True
14:00:29.644,(-2.459569, -0.123459, 4.500000),0.3763887,0.5,0.4833333,True
14:00:29.644,(-2.459569, -0.123459, 4.500000),0.3763887,0.5,0.4833333,True
14:00:30.326,(-2.459569, -0.130073, 4.500000),0,0.75,0.4444444,True
14:00:30.326,(-2.459569, -0.130073, 4.500000),0,0.75,0.4444444,True
14:00:30.341,(-2.459569, -0.130073, 4.500000),0,0.75,0.4444444,True
14:00:30.341,(-2.459569, -0.130073, 4.500000),0,0.75,0.4444444,True
14:00:30.355,(-2.459569, -0.130073, 4.500000),0,0.75,0.4444444,True
14:00:30.356,(-2.459569, -0.130073, 4.500000),0,0.75,0.4444444,True
