13:56:40.981,(-2.942380, -0.394627, 4.500000),0,0,0.5,True
13:56:40.981,(-2.942380, -0.394627, 4.500000),0,0,0.5,True
13:56:41.003,(-2.366973, -0.460766, 4.500000),0,0,0.5,True
13:56:41.003,(-2.366973, -0.460766, 4.500000),0,0,0.5,True
13:56:41.016,(-2.360360, -0.454152, 4.500000),0,0,0.5,True
13:56:41.017,(-2.360360, -0.454152, 4.500000),0,0,0.5,True
13:56:41.035,(-2.353746, -0.447538, 4.500000),0,0,0.5,True
13:56:41.036,(-2.353746, -0.447538, 4.500000),0,0,0.5,True
13:56:41.057,(-2.353746, -0.447538, 4.500000),0,0,0.5,True
13:56:41.057,(-2.353746, -0.447538, 4.500000),0,0,0.5,True
13:56:41.072,(-2.366973, -0.454152, 4.500000),0,0,0.5,True
13:56:41.073,(-2.366973, -0.454152, 4.500000),0,0,0.5,True
13:56:41.084,(-2.373588, -0.454152, 4.500000),0.1645709,0.5,0.4944444,True
13:56:41.084,(-2.373588, -0.454152, 4.500000),0.1645709,0.5,0.4944444,True
13:56:41.104,(-2.380201, -0.454152, 4.500000),0.194848,0.5,0.4944444,True
13:56:41.104,(-2.380201, -0.454152, 4.500000),0.194848,0.5,0.4944444,True
13:56:41.115,(-2.393428, -0.460766, 4.500000),0.1927726,0.5,0.4944444,True
13:56:41.116,(-2.393428, -0.460766, 4.500000),0.1927726,0.5,0.4944444,True
13:56:41.133,(-2.406657, -0.460766, 4.500000),0.1927726,0.5,0.4944444,True
13:56:41.133,(-2.406657, -0.460766, 4.500000),0.1927726,0.5,0.4944444,True
13:56:41.153,(-2.419885, -0.454152, 4.500000),0.1957026,0.5,0.4833333,True
13:56:41.153,(-2.419885, -0.454152, 4.500000),0.1957026,0.5,0.4833333,True
13:56:41.169,(-2.446340, -0.447538, 4.500000),0.1954584,0.5,0.4833333,True
13:56:41.169,(-2.446340, -0.447538, 4.500000),0.1954584,0.5,0.4833333,True
13:56:41.181,(-2.472795, -0.447538, 4.500000),0.1970455,0.5,0.4833333,True
13:56:41.182,(-2.472795, -0.447538, 4.500000),0.1970455,0.5,0.4833333,True
13:56:41.198,(-2.492636, -0.434311, 4.500000),0.2131608,0.5,0.4777778,True
13:56:41.198,(-2.492636, -0.434311, 4.500000),0.2131608,0.5,0.4777778,True
13:56:41.209,(-2.505865, -0.427697, 4.500000),0.2251251,0.5,0.4777778,True
13:56:41.209,(-2.505865, -0.427697, 4.500000),0.2251251,0.5,0.4777778,True
13:56:41.232,(-2.512479, -0.414469, 4.500000),0.3021609,0.5,0.4722222,True
13:56:41.233,(-2.512479, -0.414469, 4.500000),0.3021609,0.5,0.4722222,True
13:56:41.251,(-2.525707, -0.388014, 4.500000),0.3058235,0.5,0.4666667,True
13:56:41.252,(-2.525707, -0.388014, 4.500000),0.3058235,0.5,0.4666667,True
13:56:41.268,(-2.519092, -0.354944, 4.500000),0.3099744,0.5,0.4666667,True
13:56:41.268,(-2.519092, -0.354944, 4.500000),0.3099744,0.5,0.4666667,True
13:56:41.279,(-2.505865, -0.328489, 4.500000),0.318032,0.5,0.4666667,True
13:56:41.279,(-2.505865, -0.328489, 4.500000),0.318032,0.5,0.4666667,True
13:56:41.296,(-2.499250, -0.315261, 4.500000),0.4210719,0.5,0.4666667,True
13:56:41.297,(-2.499250, -0.315261, 4.500000),0.4210719,0.5,0.4666667,True
13:56:41.311,(-2.472795, -0.295420, 4.500000),0.4708827,0.5,0.4611111,True
13:56:41.311,(-2.472795, -0.295420, 4.500000),0.4708827,0.5,0.4611111,True
13:56:41.336,(-2.452953, -0.288806, 4.500000),0.4708827,0.5,0.4611111,True
13:56:41.336,(-2.452953, -0.288806, 4.500000),0.4708827,0.5,0.4611111,True
13:56:41.355,(-2.406657, -0.295419, 4.500000),0.5011598,0.5,0.4555556,True
13:56:41.355,(-2.406657, -0.295419, 4.500000),0.5011598,0.5,0.4555556,True
13:56:41.369,(-2.366973, -0.308647, 4.500000),0.5011598,0.5,0.4555556,True
13:56:41.370,(-2.366973, -0.308647, 4.500000),0.5011598,0.5,0.4555556,True
13:56:41.382,(-2.353746, -0.315261, 4.500000),0.5011598,0.5,0.4555556,True
13:56:41.382,(-2.353746, -0.315261, 4.500000),0.5011598,0.5,0.4555556,True
13:56:41.401,(-2.327290, -0.328489, 4.500000),0.4950556,0.5,0.4444444,True
13:56:41.401,(-2.327290, -0.328489, 4.500000),0.4950556,0.5,0.4444444,True
13:56:41.414,(-2.307450, -0.361558, 4.500000),0.4950556,0.5,0.4444444,True
13:56:41.414,(-2.307450, -0.361558, 4.500000),0.4950556,0.5,0.4444444,True
13:56:41.435,(-2.300835, -0.388014, 4.500000),0.4895617,0.5,0.4388889,True
13:56:41.436,(-2.300835, -0.388014, 4.500000),0.4895617,0.5,0.4388889,True
13:56:41.456,(-2.287608, -0.421083, 4.500000),0.488463,0.5,0.4333333,True
13:56:41.457,(-2.287608, -0.421083, 4.500000),0.488463,0.5,0.4333333,True
13:56:41.472,(-2.300835, -0.487222, 4.500000),0.488463,0.5,0.4333333,True
13:56:41.472,(-2.300835, -0.487222, 4.500000),0.488463,0.5,0.4333333,True
13:56:41.483,(-2.307450, -0.520291, 4.500000),0.4888292,0.5,0.4277778,True
13:56:41.483,(-2.307450, -0.520291, 4.500000),0.4888292,0.5,0.4277778,True
13:56:41.498,(-2.327290, -0.559974, 4.500000),0.4888292,0.5,0.4277778,True
13:56:41.499,(-2.327290, -0.559974, 4.500000),0.4888292,0.5,0.4277778,True
13:56:41.512,(-2.360360, -0.619499, 4.500000),0.488585,0.5,0.4277778,True
13:56:41.512,(-2.360360, -0.619499, 4.500000),0.488585,0.5,0.4277778,True
13:56:41.545,(-2.386815, -0.652568, 4.500000),0.4915151,0.5,0.4277778,True
13:56:41.546,(-2.386815, -0.652568, 4.500000),0.4915151,0.5,0.4277778,True
13:56:41.567,(-2.452953, -0.718707, 4.500000),0.5393725,0.5,0.4333333,True
13:56:41.567,(-2.452953, -0.718707, 4.500000),0.5393725,0.5,0.4333333,True
13:56:41.584,(-2.525707, -0.765004, 4.500000),0.5393725,0.5,0.4333333,True
13:56:41.584,(-2.525707, -0.765004, 4.500000),0.5393725,0.5,0.4333333,True
13:56:41.597,(-2.565389, -0.771618, 4.500000),0.5393725,0.5,0.4333333,True
13:56:41.597,(-2.565389, -0.771618, 4.500000),0.5393725,0.5,0.4333333,True
13:56:41.613,(-2.605072, -0.778232, 4.500000),0.5966305,0.5,0.4444444,True
13:56:41.613,(-2.605072, -0.778232, 4.500000),0.5966305,0.5,0.4444444,True
13:56:41.624,(-2.657984, -0.765004, 4.500000),0.6000488,0.5,0.4444444,True
13:56:41.625,(-2.657984, -0.765004, 4.500000),0.6000488,0.5,0.4444444,True
13:56:41.647,(-2.697667, -0.751776, 4.500000),0.604566,0.5,0.4555556,True
13:56:41.648,(-2.697667, -0.751776, 4.500000),0.6033452,0.5,0.4611111,True
13:56:41.667,(-2.743964, -0.712093, 4.500000),0.6033452,0.5,0.4611111,True
13:56:41.667,(-2.743964, -0.712093, 4.500000),0.6033452,0.5,0.4611111,True
13:56:41.685,(-2.790261, -0.659182, 4.500000),0.6061531,0.5,0.4666667,True
13:56:41.685,(-2.790261, -0.659182, 4.500000),0.6061531,0.5,0.4666667,True
13:56:41.698,(-2.823331, -0.593043, 4.500000),0.6061531,0.5,0.4666667,True
13:56:41.698,(-2.823331, -0.593043, 4.500000),0.6061531,0.5,0.4666667,True
13:56:41.717,(-2.829945, -0.566588, 4.500000),0.6349652,0.5,0.4777778,True
13:56:41.717,(-2.829945, -0.566588, 4.500000),0.6349652,0.5,0.4777778,True
13:56:41.732,(-2.849786, -0.500449, 4.500000),0.6349652,0.5,0.4777778,True
13:56:41.732,(-2.849786, -0.500449, 4.500000),0.6349652,0.5,0.4777778,True
13:56:41.755,(-2.856399, -0.434311, 4.500000),0.6365523,0.5,0.4777778,True
13:56:41.756,(-2.856399, -0.434311, 4.500000),0.6365523,0.5,0.4777778,True
13:56:41.775,(-2.843173, -0.381400, 4.500000),0.6350873,0.5,0.4833333,True
13:56:41.777,(-2.843173, -0.381400, 4.500000),0.6350873,0.5,0.4833333,True
13:56:42.160,(-2.816716, -0.335103, 4.500000),0,0,0.5,True
13:56:42.161,(-2.816716, -0.335103, 4.500000),0,0,0.5,True
13:56:42.178,(-2.327290, -0.156528, 4.500000),0,0,0.5,True
13:56:42.178,(-2.327290, -0.156528, 4.500000),0,0,0.5,True
13:56:42.201,(-2.327290, -0.156528, 4.500000),0,0,0.5,True
13:56:42.201,(-2.327290, -0.156528, 4.500000),0,0,0.5,True
13:56:42.213,(-2.340518, -0.163142, 4.500000),0,0,0.5,True
13:56:42.213,(-2.340518, -0.163142, 4.500000),0,0,0.5,True
13:56:42.236,(-2.366973, -0.163142, 4.500000),0,0,0.5,True
13:56:42.237,(-2.366973, -0.163142, 4.500000),0,0,0.5,True
13:56:42.256,(-2.406657, -0.163142, 4.500000),0,0.5,0.4944444,True
13:56:42.256,(-2.406657, -0.163142, 4.500000),0,0.5,0.4944444,True
13:56:42.271,(-2.466182, -0.163142, 4.500000),0,0.5,0.4944444,True
13:56:42.271,(-2.466182, -0.163142, 4.500000),0,0.5,0.4944444,True
13:56:42.282,(-2.492636, -0.156528, 4.500000),0,0.5,0.4944444,True
13:56:42.282,(-2.492636, -0.156528, 4.500000),0,0.5,0.4944444,True
13:56:42.303,(-2.505865, -0.156528, 4.500000),0.1598095,0.5,0.4722222,True
13:56:42.303,(-2.505865, -0.156528, 4.500000),0.1598095,0.5,0.4722222,True
13:56:43.512,(-2.532320, -0.156528, 4.500000),0,0.5,0.4666667,True
13:56:43.512,(-2.532320, -0.156528, 4.500000),0,0.5,0.4666667,True
13:56:43.528,(-2.532320, -0.156528, 4.500000),0,0.5,0.4666667,True
13:56:43.529,(-2.532320, -0.156528, 4.500000),0,0.5,0.4666667,True
13:56:43.543,(-2.532320, -0.156528, 4.500000),0,0.5,0.4611111,True
13:56:43.544,(-2.532320, -0.156528, 4.500000),0,0.5,0.4611111,True
13:56:43.558,(-2.532320, -0.156528, 4.500000),0,0.5,0.4611111,True
13:56:43.560,(-2.532320, -0.156528, 4.500000),0,0.5,0.4555556,True
13:56:43.579,(-2.532320, -0.156528, 4.500000),0,0.5,0.45,True
13:56:43.579,(-2.532320, -0.156528, 4.500000),0,0.5,0.45,True
