14:07:45.844,(-2.816716, -0.348330, 4.500000),0,0,0.5,True
14:07:45.844,(-2.816716, -0.348330, 4.500000),0,0,0.5,True
14:07:45.871,(-2.122261, -0.328489, 4.500000),0,0,0.5,True
14:07:45.871,(-2.122261, -0.328489, 4.500000),0,0,0.5,True
14:07:45.884,(-2.128874, -0.328489, 4.500000),0,0,0.5,True
14:07:45.884,(-2.128874, -0.328489, 4.500000),0,0,0.5,True
14:07:45.901,(-2.128874, -0.328489, 4.500000),0,0,0.5,True
14:07:45.901,(-2.128874, -0.328489, 4.500000),0,0,0.5,True
14:07:45.914,(-2.142102, -0.335103, 4.500000),0,0,0.5,True
14:07:45.914,(-2.142102, -0.335103, 4.500000),0,0,0.5,True
14:07:45.935,(-2.142102, -0.335103, 4.500000),0,0,0.5,True
14:07:45.936,(-2.142102, -0.335103, 4.500000),0,0,0.5,True
14:07:45.956,(-2.148716, -0.335103, 4.500000),0.1397876,0,0.5,True
14:07:45.956,(-2.148716, -0.335103, 4.500000),0.1397876,0,0.5,True
14:07:45.970,(-2.148715, -0.341716, 4.500000),0.1397876,0,0.5,True
14:07:45.971,(-2.148715, -0.341716, 4.500000),0.1397876,0,0.5,True
14:07:45.981,(-2.148715, -0.341716, 4.500000),0.1408863,0,0.5,True
14:07:45.981,(-2.148715, -0.341716, 4.500000),0.1408863,0,0.5,True
14:07:45.998,(-2.155329, -0.341716, 4.500000),0.1465023,0,0.5,True
14:07:45.998,(-2.155329, -0.341716, 4.500000),0.1465023,0,0.5,True
14:07:46.012,(-2.155329, -0.335103, 4.500000),0.1767794,0.5,0.4944444,True
14:07:46.012,(-2.155329, -0.335103, 4.500000),0.1767794,0.5,0.4944444,True
14:07:46.037,(-2.168557, -0.335103, 4.500000),0.1767794,0.5,0.4944444,True
14:07:46.037,(-2.168557, -0.335103, 4.500000),0.1767794,0.5,0.4944444,True
14:07:46.057,(-2.201626, -0.328489, 4.500000),0.2411183,0.5,0.4944444,True
14:07:46.057,(-2.201626, -0.328489, 4.500000),0.2411183,0.5,0.4944444,True
14:07:46.073,(-2.221467, -0.315261, 4.500000),0.2411183,0.5,0.4944444,True
14:07:46.073,(-2.221467, -0.315261, 4.500000),0.2411183,0.5,0.4944444,True
14:07:46.084,(-2.234696, -0.315261, 4.500000),0.3705286,0.5,0.4888889,True
14:07:46.084,(-2.234696, -0.315261, 4.500000),0.3705286,0.5,0.4888889,True
14:07:46.100,(-2.247924, -0.308647, 4.500000),0.3708949,0.5,0.4888889,True
14:07:46.100,(-2.247924, -0.308647, 4.500000),0.3708949,0.5,0.4888889,True
14:07:46.111,(-2.261151, -0.302033, 4.500000),0.3708949,0.5,0.4888889,True
14:07:46.111,(-2.261151, -0.302033, 4.500000),0.3708949,0.5,0.4888889,True
14:07:46.134,(-2.261151, -0.295420, 4.500000),0.3719937,0.5,0.4833333,True
14:07:46.134,(-2.261151, -0.295420, 4.500000),0.3719937,0.5,0.4833333,True
14:07:46.156,(-2.274379, -0.275578, 4.500000),0.3815163,0.5,0.4833333,True
14:07:46.156,(-2.274379, -0.275578, 4.500000),0.3815163,0.5,0.4833333,True
14:07:46.171,(-2.280993, -0.255736, 4.500000),0.3813942,0.5,0.4833333,True
14:07:46.171,(-2.280993, -0.255736, 4.500000),0.3813942,0.5,0.4833333,True
14:07:46.183,(-2.287608, -0.242509, 4.500000),0.3813942,0.5,0.4833333,True
14:07:46.183,(-2.287608, -0.242509, 4.500000),0.3813942,0.5,0.4833333,True
14:07:46.200,(-2.280993, -0.229281, 4.500000),0.3849347,0.5,0.4777778,True
14:07:46.200,(-2.280993, -0.229281, 4.500000),0.3849347,0.5,0.4777778,True
14:07:46.214,(-2.274379, -0.209439, 4.500000),0.3856672,0.5,0.4777778,True
14:07:46.215,(-2.274379, -0.209439, 4.500000),0.3856672,0.5,0.4777778,True
14:07:46.236,(-2.274380, -0.189597, 4.500000),0.3900623,0.5,0.4777778,True
14:07:46.237,(-2.274380, -0.189597, 4.500000),0.3900623,0.5,0.4777778,True
14:07:46.256,(-2.261151, -0.169756, 4.500000),0.3900623,0.5,0.4777778,True
14:07:46.257,(-2.261151, -0.169756, 4.500000),0.3900623,0.5,0.4777778,True
14:07:46.272,(-2.234696, -0.156528, 4.500000),0.3900623,0.5,0.4777778,True
14:07:46.272,(-2.234696, -0.156528, 4.500000),0.3900623,0.5,0.4777778,True
14:07:46.284,(-2.214854, -0.143301, 4.500000),0.3900623,0.5,0.4777778,True
14:07:46.284,(-2.214854, -0.143301, 4.500000),0.3900623,0.5,0.4777778,True
14:07:46.305,(-2.195012, -0.143300, 4.500000),0.5894274,0.5,0.4777778,True
14:07:46.305,(-2.195012, -0.143300, 4.500000),0.5894274,0.5,0.4777778,True
14:07:46.316,(-2.181786, -0.143301, 4.500000),0.608839,0.5,0.4777778,True
14:07:46.316,(-2.181786, -0.143301, 4.500000),0.608839,0.5,0.4777778,True
14:07:46.344,(-2.168558, -0.143301, 4.500000),0.6122574,0.5,0.4777778,True
14:07:46.344,(-2.168558, -0.143301, 4.500000),0.6122574,0.5,0.4777778,True
14:07:46.363,(-2.142102, -0.143300, 4.500000),0.6122574,0.5,0.4777778,True
14:07:46.363,(-2.142102, -0.143300, 4.500000),0.6122574,0.5,0.4777778,True
14:07:46.379,(-2.122261, -0.156528, 4.500000),0.6106703,0.5,0.4777778,True
14:07:46.380,(-2.122261, -0.156528, 4.500000),0.6106703,0.5,0.4777778,True
14:07:46.392,(-2.102419, -0.182984, 4.500000),0.6105481,0.5,0.4777778,True
14:07:46.393,(-2.102419, -0.182984, 4.500000),0.6105481,0.5,0.4777778,True
14:07:46.411,(-2.089190, -0.196211, 4.500000),0.6101819,0.5,0.4777778,True
14:07:46.412,(-2.089190, -0.196211, 4.500000),0.6101819,0.5,0.4777778,True
14:07:46.426,(-2.075964, -0.222667, 4.500000),0.6093273,0.5,0.4777778,True
14:07:46.426,(-2.075964, -0.222667, 4.500000),0.6093273,0.5,0.4777778,True
14:07:46.453,(-2.062736, -0.249122, 4.500000),0.6100598,0.5,0.4777778,True
14:07:46.454,(-2.062736, -0.249122, 4.500000),0.6100598,0.5,0.4777778,True
14:07:46.473,(-2.056122, -0.282192, 4.500000),0.6100598,0.5,0.4777778,True
14:07:46.473,(-2.056122, -0.282192, 4.500000),0.6100598,0.5,0.4777778,True
14:07:46.487,(-2.056123, -0.335103, 4.500000),0.6181175,0.5,0.4777778,True
14:07:46.487,(-2.056123, -0.335103, 4.500000),0.6181175,0.5,0.4777778,True
14:07:46.501,(-2.062736, -0.361558, 4.500000),0.634721,0.5,0.4777778,True
14:07:46.501,(-2.062736, -0.361558, 4.500000),0.634721,0.5,0.4777778,True
14:07:46.515,(-2.062736, -0.388014, 4.500000),0.634721,0.5,0.4777778,True
14:07:46.516,(-2.062736, -0.388014, 4.500000),0.634721,0.5,0.4777778,True
14:07:46.527,(-2.069349, -0.421083, 4.500000),0.634721,0.5,0.4777778,True
14:07:46.527,(-2.069349, -0.421083, 4.500000),0.634721,0.5,0.4777778,True
14:07:46.553,(-2.082577, -0.447538, 4.500000),0.7500916,0.5,0.4777778,True
14:07:46.554,(-2.082577, -0.447538, 4.500000),0.7500916,0.5,0.4777778,True
14:07:46.572,(-2.109033, -0.513677, 4.500000),0.8217556,0.5,0.4777778,True
14:07:46.572,(-2.109033, -0.513677, 4.500000),0.8217556,0.5,0.4777778,True
14:07:46.589,(-2.128874, -0.553360, 4.500000),1,0.5,0.4833333,True
14:07:46.589,(-2.128874, -0.553360, 4.500000),1,0.5,0.4833333,True
14:07:46.602,(-2.148716, -0.606271, 4.500000),1,0.5,0.4833333,True
14:07:46.602,(-2.148716, -0.606271, 4.500000),1,0.5,0.4833333,True
14:07:46.618,(-2.155329, -0.619499, 4.500000),1,0.5,0.4888889,True
14:07:46.618,(-2.155329, -0.619499, 4.500000),1,0.5,0.4888889,True
14:07:46.632,(-2.181786, -0.665796, 4.500000),1,0.5,0.4888889,True
14:07:46.632,(-2.181786, -0.665796, 4.500000),1,0.5,0.4888889,True
14:07:46.653,(-2.195013, -0.698865, 4.500000),1,0.5,0.4944444,True
14:07:46.653,(-2.195013, -0.698865, 4.500000),1,0.5,0.4944444,True
14:07:46.671,(-2.221467, -0.731935, 4.500000),1,0.5,0.4944444,True
14:07:46.672,(-2.221467, -0.731935, 4.500000),1,0.5,0.4944444,True
14:07:46.688,(-2.247925, -0.765004, 4.500000),1,0.5,0.4944444,True
14:07:46.688,(-2.247925, -0.765004, 4.500000),1,0.5,0.4944444,True
14:07:46.700,(-2.274379, -0.778232, 4.500000),1,0.5,0.4944444,True
14:07:46.700,(-2.274379, -0.778232, 4.500000),1,0.5,0.4944444,True
14:07:46.717,(-2.300835, -0.791459, 4.500000),1,0.5,0.4944444,True
14:07:46.717,(-2.300835, -0.791459, 4.500000),1,0.5,0.4944444,True
14:07:46.732,(-2.340518, -0.804687, 4.500000),1,0,0.5,True
14:07:46.732,(-2.340518, -0.804687, 4.500000),1,0,0.5,True
14:07:46.753,(-2.373588, -0.804687, 4.500000),1,0,0.5,True
14:07:46.754,(-2.373588, -0.804687, 4.500000),1,0,0.5,True
14:07:46.775,(-2.419885, -0.804687, 4.500000),1,0,0.5,True
14:07:46.775,(-2.419885, -0.804687, 4.500000),1,0,0.5,True
14:07:46.791,(-2.466182, -0.798073, 4.500000),1,0,0.5,True
14:07:46.792,(-2.466182, -0.798073, 4.500000),1,0,0.5,True
14:07:46.803,(-2.512479, -0.791459, 4.500000),1,0,0.5,True
14:07:46.803,(-2.512479, -0.791459, 4.500000),1,0,0.5,True
14:07:46.818,(-2.538934, -0.778232, 4.500000),1,0,0.5,True
14:07:46.819,(-2.538934, -0.778232, 4.500000),1,0,0.5,True
14:07:46.832,(-2.565389, -0.765004, 4.500000),1,0,0.5,True
14:07:46.832,(-2.565389, -0.765004, 4.500000),1,0,0.5,True
14:07:46.853,(-2.591846, -0.745162, 4.500000),1,0,0.5,True
14:07:46.854,(-2.591846, -0.745162, 4.500000),1,0,0.5,True
14:07:46.873,(-2.631529, -0.712093, 4.500000),1,0,0.5,True
14:07:46.874,(-2.631529, -0.712093, 4.500000),1,0,0.5,True
14:07:46.888,(-2.671212, -0.659182, 4.500000),1,0,0.5,True
14:07:46.889,(-2.671212, -0.659182, 4.500000),1,0,0.5,True
14:07:46.901,(-2.684439, -0.626113, 4.500000),1,0,0.5,True
14:07:46.901,(-2.684439, -0.626113, 4.500000),1,0,0.5,True
14:07:46.916,(-2.697667, -0.599657, 4.500000),1,0,0.5,True
14:07:46.917,(-2.697667, -0.599657, 4.500000),1,0,0.5,True
14:07:46.931,(-2.697667, -0.566588, 4.500000),1,0,0.5,True
14:07:46.932,(-2.697667, -0.566588, 4.500000),1,0,0.5,True
14:07:46.951,(-2.704281, -0.533519, 4.500000),1,0,0.5,True
14:07:46.952,(-2.704281, -0.533519, 4.500000),1,0,0.5,True
14:07:46.971,(-2.697667, -0.480608, 4.500000),1,0,0.5,True
14:07:46.972,(-2.697667, -0.480608, 4.500000),1,0,0.5,True
14:07:46.988,(-2.671212, -0.421083, 4.500000),1,0,0.5,True
14:07:46.988,(-2.671212, -0.421083, 4.500000),1,0,0.5,True
14:07:47.000,(-2.651371, -0.354944, 4.500000),1,0,0.5,True
14:07:47.000,(-2.651371, -0.354944, 4.500000),1,0,0.5,True
14:07:47.498,(-2.638143, -0.341716, 4.500000),0,0,0.5,True
14:07:47.498,(-2.638143, -0.341716, 4.500000),0,0,0.5,True
14:07:47.512,(-2.142103, 0.015432, 4.500000),0,0,0.5,True
14:07:47.513,(-2.142103, 0.015432, 4.500000),0,0,0.5,True
14:07:47.536,(-2.142103, 0.015432, 4.500000),0,0,0.5,True
14:07:47.537,(-2.142103, 0.015432, 4.500000),0,0,0.5,True
14:07:47.561,(-2.142103, 0.015432, 4.500000),0,0,0.5,True
14:07:47.562,(-2.142103, 0.015432, 4.500000),0,0,0.5,True
14:07:47.579,(-2.155329, 0.015432, 4.500000),0,0,0.5,True
14:07:47.579,(-2.155329, 0.015432, 4.500000),0,0,0.5,True
14:07:47.591,(-2.168558, 0.022046, 4.500000),0,0,0.5,True
14:07:47.591,(-2.168558, 0.022046, 4.500000),0,0,0.5,True
14:07:47.606,(-2.181786, 0.022046, 4.500000),0.1552924,0,0.5,True
14:07:47.606,(-2.181786, 0.022046, 4.500000),0.1552924,0,0.5,True
14:07:47.619,(-2.208241, 0.015432, 4.500000),0.1709193,0,0.5,True
14:07:47.619,(-2.208241, 0.015432, 4.500000),0.1709193,0,0.5,True
14:07:47.638,(-2.221467, 0.015432, 4.500000),0.1672567,0.5,0.4944444,True
14:07:47.639,(-2.221467, 0.015432, 4.500000),0.1672567,0.5,0.4944444,True
14:07:47.660,(-2.241309, 0.015432, 4.500000),0.197656,0.5,0.4888889,True
14:07:47.660,(-2.241309, 0.015432, 4.500000),0.197656,0.5,0.4888889,True
14:07:47.676,(-2.287608, 0.002205, 4.500000),0.2438042,0.5,0.4888889,True
14:07:47.677,(-2.287608, 0.002205, 4.500000),0.2438042,0.5,0.4888889,True
14:07:47.688,(-2.307450, 0.002205, 4.500000),0.2534489,0.5,0.4833333,True
14:07:47.688,(-2.307450, 0.002205, 4.500000),0.2534489,0.5,0.4833333,True
14:07:47.703,(-2.333905, -0.004409, 4.500000),0.2728605,0.5,0.4833333,True
14:07:47.703,(-2.333905, -0.004409, 4.500000),0.2728605,0.5,0.4833333,True
14:07:47.720,(-2.366973, -0.011023, 4.500000),0.2728605,0.5,0.4833333,True
14:07:47.720,(-2.366973, -0.011023, 4.500000),0.2728605,0.5,0.4833333,True
14:07:47.745,(-2.380201, -0.011023, 4.500000),0.283604,0.5,0.4777778,True
14:07:47.745,(-2.380201, -0.011023, 4.500000),0.283604,0.5,0.4777778,True
14:07:47.767,(-2.400043, -0.011023, 4.500000),0.2862898,0.5,0.4777778,True
14:07:47.768,(-2.400043, -0.011023, 4.500000),0.2862898,0.5,0.4777778,True
14:07:47.783,(-2.406656, -0.011023, 4.500000),0.2862898,0.5,0.4777778,True
14:07:47.784,(-2.406656, -0.011023, 4.500000),0.2862898,0.5,0.4777778,True
14:07:47.800,(-2.406656, -0.011023, 4.500000),0.2862898,0.5,0.4777778,True
14:07:47.801,(-2.406656, -0.011023, 4.500000),0.2862898,0.5,0.4777778,True
14:07:48.648,(-2.400043, -0.011023, 4.500000),0,0.75,0.4666667,False
14:07:48.648,(-2.400043, -0.011023, 4.500000),0,0.75,0.4666667,False
14:07:48.665,(-2.400043, -0.011023, 4.500000),0,0.75,0.4666667,False
14:07:48.667,(-2.400043, -0.011023, 4.500000),0,0.75,0.4666667,False
14:07:48.679,(-2.400043, -0.011023, 4.500000),0,0.75,0.4666667,False
14:07:48.679,(-2.400043, -0.011023, 4.500000),0,0.75,0.4666667,False
