14:05:52.880,(-2.644756, -0.361558, 4.500000),0,0,0.5,False
14:05:52.880,(-2.644756, -0.361558, 4.500000),0,0,0.5,False
14:05:52.901,(-1.890775, -0.434311, 4.500000),0,0,0.5,False
14:05:52.902,(-1.890775, -0.434311, 4.500000),0,0,0.5,False
14:05:52.924,(-1.897388, -0.434311, 4.500000),0,0,0.5,False
14:05:52.924,(-1.897388, -0.434311, 4.500000),0,0,0.5,False
14:05:52.939,(-1.897388, -0.427697, 4.500000),0,0,0.5,False
14:05:52.940,(-1.897388, -0.427697, 4.500000),0,0,0.5,False
14:05:52.951,(-1.897388, -0.434311, 4.500000),0,0,0.5,False
14:05:52.951,(-1.897388, -0.434311, 4.500000),0,0,0.5,False
14:05:52.967,(-1.897388, -0.434311, 4.500000),0.1421072,0,0.5,False
14:05:52.968,(-1.897388, -0.434311, 4.500000),0.1421072,0,0.5,False
14:05:52.981,(-1.904003, -0.440924, 4.500000),0.2223172,0,0.5,False
14:05:52.981,(-1.904003, -0.440924, 4.500000),0.2223172,0,0.5,False
14:05:53.001,(-1.910616, -0.447538, 4.500000),0.2223172,0,0.5,False
14:05:53.002,(-1.910616, -0.447538, 4.500000),0.2223172,0,0.5,False
14:05:53.023,(-1.917230, -0.447538, 4.500000),0.2315957,0.5,0.4944444,False
14:05:53.023,(-1.917230, -0.447538, 4.500000),0.2315957,0.5,0.4944444,False
14:05:53.038,(-1.943687, -0.447538, 4.500000),0.2300085,0.5,0.4888889,False
14:05:53.039,(-1.943687, -0.447538, 4.500000),0.2300085,0.5,0.4888889,False
14:05:53.052,(-1.970142, -0.447538, 4.500000),0.2302527,0.5,0.4888889,False
14:05:53.052,(-1.970142, -0.447538, 4.500000),0.2302527,0.5,0.4888889,False
14:05:53.068,(-1.983368, -0.440924, 4.500000),0.2302527,0.5,0.4888889,False
14:05:53.068,(-1.983368, -0.440924, 4.500000),0.2302527,0.5,0.4888889,False
14:05:53.080,(-2.009826, -0.427697, 4.500000),0.2380662,0.5,0.4833333,False
14:05:53.080,(-2.009826, -0.427697, 4.500000),0.2380662,0.5,0.4833333,False
14:05:53.102,(-2.029665, -0.407855, 4.500000),0.2423391,0.5,0.4833333,False
14:05:53.102,(-2.029665, -0.407855, 4.500000),0.2423391,0.5,0.4833333,False
14:05:53.121,(-2.049507, -0.374786, 4.500000),0.3549017,0.5,0.4777778,False
14:05:53.121,(-2.049507, -0.374786, 4.500000),0.3549017,0.5,0.4777778,False
14:05:53.136,(-2.062736, -0.341716, 4.500000),0.3549017,0.5,0.4777778,False
14:05:53.137,(-2.062736, -0.341716, 4.500000),0.3549017,0.5,0.4777778,False
14:05:53.149,(-2.062736, -0.315261, 4.500000),0.3691857,0.5,0.4777778,False
14:05:53.149,(-2.062736, -0.315261, 4.500000),0.3691857,0.5,0.4777778,False
14:05:53.166,(-2.056123, -0.288806, 4.500000),0.3691857,0.5,0.4777778,False
14:05:53.166,(-2.056123, -0.288806, 4.500000),0.3691857,0.5,0.4777778,False
14:05:53.177,(-2.042894, -0.262350, 4.500000),0.3783421,0.5,0.4722222,False
14:05:53.177,(-2.042894, -0.262350, 4.500000),0.3783421,0.5,0.4722222,False
14:05:53.198,(-2.029665, -0.249122, 4.500000),0.3899402,0.5,0.4666667,False
14:05:53.198,(-2.029665, -0.249122, 4.500000),0.3899402,0.5,0.4666667,False
14:05:53.218,(-2.009826, -0.249122, 4.500000),0.4746673,0.5,0.4666667,False
14:05:53.218,(-2.009826, -0.249122, 4.500000),0.4746673,0.5,0.4666667,False
14:05:53.234,(-1.970142, -0.249122, 4.500000),0.5064095,0.5,0.4611111,False
14:05:53.234,(-1.970142, -0.249122, 4.500000),0.5064095,0.5,0.4611111,False
14:05:53.246,(-1.950300, -0.255736, 4.500000),0.5108045,0.5,0.4555556,False
14:05:53.246,(-1.950300, -0.255736, 4.500000),0.5108045,0.5,0.4555556,False
14:05:53.264,(-1.937072, -0.262350, 4.500000),0.5089732,0.5,0.4555556,False
14:05:53.264,(-1.937072, -0.262350, 4.500000),0.5089732,0.5,0.4555556,False
14:05:53.279,(-1.917230, -0.282192, 4.500000),0.5036015,0.5,0.4555556,False
14:05:53.279,(-1.917230, -0.282192, 4.500000),0.5036015,0.5,0.4555556,False
14:05:53.303,(-1.904003, -0.315261, 4.500000),0.501404,0.5,0.4444444,False
14:05:53.304,(-1.904003, -0.315261, 4.500000),0.501404,0.5,0.4444444,False
14:05:53.323,(-1.890775, -0.368172, 4.500000),0.4989623,0.5,0.4444444,False
14:05:53.323,(-1.890775, -0.368172, 4.500000),0.4989623,0.5,0.4444444,False
14:05:53.338,(-1.877547, -0.421083, 4.500000),0.4989623,0.5,0.4444444,False
14:05:53.338,(-1.877547, -0.421083, 4.500000),0.4989623,0.5,0.4444444,False
14:05:53.352,(-1.877547, -0.473994, 4.500000),0.4989623,0.5,0.4444444,False
14:05:53.352,(-1.877547, -0.473994, 4.500000),0.4989623,0.5,0.4444444,False
14:05:53.371,(-1.890775, -0.513677, 4.500000),0.5001831,0.5,0.4333333,False
14:05:53.371,(-1.890775, -0.513677, 4.500000),0.5001831,0.5,0.4333333,False
14:05:53.386,(-1.917230, -0.566588, 4.500000),0.5031132,0.5,0.4333333,False
14:05:53.386,(-1.917230, -0.566588, 4.500000),0.5031132,0.5,0.4333333,False
14:05:53.410,(-1.937072, -0.599657, 4.500000),0.5020144,0.5,0.4333333,False
14:05:53.410,(-1.937072, -0.599657, 4.500000),0.5020144,0.5,0.4333333,False
14:05:53.430,(-1.983369, -0.645954, 4.500000),0.5103162,0.5,0.4388889,False
14:05:53.430,(-1.983369, -0.645954, 4.500000),0.5103162,0.5,0.4388889,False
14:05:53.446,(-2.056122, -0.698865, 4.500000),0.5149555,0.5,0.4388889,False
14:05:53.446,(-2.056122, -0.698865, 4.500000),0.5149555,0.5,0.4388889,False
14:05:53.459,(-2.095806, -0.718707, 4.500000),0.5149555,0.5,0.4388889,False
14:05:53.459,(-2.095806, -0.718707, 4.500000),0.5149555,0.5,0.4388889,False
14:05:53.476,(-2.142102, -0.725321, 4.500000),0.5790502,0.5,0.4555556,False
14:05:53.476,(-2.142102, -0.725321, 4.500000),0.5790502,0.5,0.4555556,False
14:05:53.492,(-2.208241, -0.738549, 4.500000),0.5790502,0.5,0.4555556,False
14:05:53.492,(-2.208241, -0.738549, 4.500000),0.5790502,0.5,0.4555556,False
14:05:53.512,(-2.247924, -0.731935, 4.500000),0.5790502,0.5,0.4555556,False
14:05:53.513,(-2.247924, -0.731935, 4.500000),0.5790502,0.5,0.4555556,False
14:05:53.533,(-2.287608, -0.725321, 4.500000),0.5839336,0.5,0.4666667,False
14:05:53.533,(-2.287608, -0.725321, 4.500000),0.5839336,0.5,0.4666667,False
14:05:53.548,(-2.347131, -0.685638, 4.500000),0.5867416,0.5,0.4722222,False
14:05:53.550,(-2.347131, -0.685638, 4.500000),0.5867416,0.5,0.4722222,False
14:05:53.562,(-2.373588, -0.639340, 4.500000),0.5867416,0.5,0.4722222,False
14:05:53.562,(-2.373588, -0.639340, 4.500000),0.5867416,0.5,0.4722222,False
14:05:53.578,(-2.386815, -0.606271, 4.500000),0.667684,0.5,0.4833333,False
14:05:53.579,(-2.386815, -0.606271, 4.500000),0.667684,0.5,0.4833333,False
14:05:53.591,(-2.393428, -0.566588, 4.500000),0.786473,0.5,0.4888889,False
14:05:53.591,(-2.393428, -0.566588, 4.500000),0.786473,0.5,0.4888889,False
14:05:53.613,(-2.400043, -0.526905, 4.500000),0.786473,0.5,0.4888889,False
14:05:53.614,(-2.400043, -0.526905, 4.500000),0.786473,0.5,0.4888889,False
14:05:53.633,(-2.406657, -0.473994, 4.500000),0.9553168,0.5,0.4888889,False
14:05:53.634,(-2.406657, -0.473994, 4.500000),0.9553168,0.5,0.4888889,False
14:05:53.648,(-2.406657, -0.421083, 4.500000),1,0.5,0.4944444,False
14:05:53.649,(-2.406657, -0.421083, 4.500000),1,0.5,0.4944444,False
14:05:53.661,(-2.393428, -0.368172, 4.500000),1,0,0.5,False
14:05:53.661,(-2.393428, -0.368172, 4.500000),1,0.5,0.4944444,False
14:05:53.679,(-2.393428, -0.354944, 4.500000),1,0.5,0.4944444,False
14:05:53.679,(-2.393428, -0.354944, 4.500000),1,0.5,0.4944444,False
14:05:54.056,(-2.366973, -0.321875, 4.500000),0,0,0.5,False
14:05:54.057,(-2.366973, -0.321875, 4.500000),0,0,0.5,False
14:05:54.079,(-1.844478, -0.050706, 4.500000),0,0,0.5,False
14:05:54.079,(-1.844478, -0.050706, 4.500000),0,0,0.5,False
14:05:54.102,(-1.837863, -0.044092, 4.500000),0,0,0.5,False
14:05:54.103,(-1.837863, -0.044092, 4.500000),0,0,0.5,False
14:05:54.118,(-1.864320, -0.037479, 4.500000),0,0,0.5,False
14:05:54.118,(-1.864320, -0.037479, 4.500000),0,0,0.5,False
14:05:54.129,(-1.884162, -0.044092, 4.500000),0,0.5,0.4944444,False
14:05:54.129,(-1.884162, -0.044092, 4.500000),0,0.5,0.4944444,False
14:05:54.146,(-1.910617, -0.050706, 4.500000),0,0.5,0.4888889,False
14:05:54.147,(-1.910617, -0.050706, 4.500000),0,0.5,0.4888889,False
14:05:54.162,(-1.943687, -0.050706, 4.500000),0.3973874,0.5,0.4833333,False
14:05:54.163,(-1.943687, -0.050706, 4.500000),0.3973874,0.5,0.4833333,False
14:05:54.182,(-1.983369, -0.057320, 4.500000),0.3900623,0.5,0.4777778,False
14:05:54.183,(-1.983369, -0.057320, 4.500000),0.3900623,0.5,0.4777778,False
14:05:54.203,(-2.016439, -0.057320, 4.500000),0.3916494,0.5,0.4666667,False
14:05:54.203,(-2.016439, -0.057320, 4.500000),0.3916494,0.5,0.4666667,False
14:05:54.218,(-2.089190, -0.063934, 4.500000),0.3916494,0.5,0.4666667,False
14:05:54.218,(-2.089190, -0.063934, 4.500000),0.3916494,0.5,0.4666667,False
14:05:54.231,(-2.115648, -0.063934, 4.500000),0.3967769,0.5,0.4555556,False
14:05:54.231,(-2.115648, -0.063934, 4.500000),0.3967769,0.5,0.4555556,False
14:05:54.250,(-2.142102, -0.070548, 4.500000),0.4073984,0.5,0.4444444,False
14:05:54.250,(-2.142102, -0.070548, 4.500000),0.4073984,0.5,0.4444444,False
14:05:54.262,(-2.161945, -0.070548, 4.500000),0.4073984,0.5,0.4444444,False
14:05:54.262,(-2.161945, -0.070548, 4.500000),0.4073984,0.5,0.4444444,False
14:05:54.283,(-2.168557, -0.077162, 4.500000),0.4540349,0.5,0.4333333,False
14:05:54.284,(-2.168557, -0.077162, 4.500000),0.4540349,0.5,0.4333333,False
14:05:55.243,(-2.168557, -0.070548, 4.500000),0,0.7138889,0.4222222,False
14:05:55.244,(-2.168557, -0.070548, 4.500000),0,0.7138889,0.4222222,False
14:05:55.257,(-2.168557, -0.070548, 4.500000),0,0.7138889,0.4222222,False
14:05:55.257,(-2.168557, -0.070548, 4.500000),0,0.7138889,0.4222222,False
14:05:55.272,(-2.168557, -0.070548, 4.500000),0,0.7138889,0.4222222,False
14:05:55.272,(-2.168557, -0.070548, 4.500000),0,0.7138889,0.4222222,False
14:05:55.291,(-2.168557, -0.070548, 4.500000),0,0.7138889,0.4222222,False
14:05:55.291,(-2.168557, -0.070548, 4.500000),0,0.7138889,0.4222222,False
