14:58:13.255,(0.609267, 0.094799, 4.500000),0,0,0.5,True
14:58:13.255,(0.609267, 0.094799, 4.500000),0,0,0.5,True
14:58:13.272,(0.476990, 0.213848, 4.500000),0,0,0.5,True
14:58:13.272,(0.476990, 0.213848, 4.500000),0,0,0.5,True
14:58:13.297,(0.476990, 0.227076, 4.500000),0,0.2497222,0.4777778,True
14:58:13.298,(0.476990, 0.227076, 4.500000),0,0.2497222,0.4777778,True
14:58:13.322,(0.450533, 0.260145, 4.500000),0,0.2497222,0.4888889,True
14:58:13.323,(0.450533, 0.260145, 4.500000),0,0.2497222,0.4888889,True
14:58:13.338,(0.391010, 0.279987, 4.500000),0,0.2497222,0.4888889,True
14:58:13.338,(0.391010, 0.279987, 4.500000),0,0.2497222,0.4888889,True
14:58:13.352,(0.351326, 0.279987, 4.500000),0,0.2497222,0.4944444,True
14:58:13.352,(0.351326, 0.279987, 4.500000),0,0.2497222,0.4944444,True
14:58:13.378,(0.271959, 0.246918, 4.500000),1,0.2497222,0.4944444,True
14:58:13.378,(0.271959, 0.246918, 4.500000),1,0.2497222,0.4944444,True
14:58:13.396,(0.159524, 0.160938, 4.500000),1,0.3433333,0.4777778,True
14:58:13.396,(0.159524, 0.160938, 4.500000),1,0.3433333,0.4777778,True
14:58:13.423,(0.139682, 0.108026, 4.500000),1,0.3747222,0.4666667,True
14:58:13.424,(0.139682, 0.108026, 4.500000),1,0.3747222,0.4666667,True
14:58:13.447,(0.159524, 0.015432, 4.500000),1,0.3747222,0.4555556,True
14:58:13.447,(0.159524, 0.015432, 4.500000),1,0.3747222,0.4555556,True
14:58:13.463,(0.265346, -0.070548, 4.500000),1,0.3747222,0.4555556,True
14:58:13.463,(0.265346, -0.070548, 4.500000),1,0.3747222,0.4555556,True
14:58:13.475,(0.331485, -0.103617, 4.500000),1,0.3747222,0.4555556,True
14:58:13.475,(0.331485, -0.103617, 4.500000),1,0.3747222,0.4555556,True
14:58:13.497,(0.397623, -0.130073, 4.500000),1,0.3869444,0.4444444,True
14:58:13.497,(0.397623, -0.130073, 4.500000),1,0.3869444,0.4444444,True
14:58:13.512,(0.490217, -0.189597, 4.500000),1,0.3975,0.4444444,True
14:58:13.512,(0.490217, -0.189597, 4.500000),1,0.3975,0.4444444,True
14:58:13.542,(0.516673, -0.222667, 4.500000),1,0.4138889,0.4333333,True
14:58:13.542,(0.516673, -0.222667, 4.500000),1,0.4138889,0.4333333,True
14:58:13.564,(0.516673, -0.295420, 4.500000),1,0.4138889,0.4333333,True
14:58:13.564,(0.516673, -0.295420, 4.500000),1,0.4138889,0.4333333,True
14:58:13.581,(0.443920, -0.368172, 4.500000),1,0.4261111,0.4333333,True
14:58:13.581,(0.443920, -0.368172, 4.500000),1,0.4261111,0.4333333,True
14:58:13.592,(0.384395, -0.394627, 4.500000),1,0.4191667,0.4388889,True
14:58:13.594,(0.384395, -0.394627, 4.500000),1,0.4191667,0.4388889,True
14:58:13.614,(0.298414, -0.421083, 4.500000),1,0.4191667,0.4388889,True
14:58:13.615,(0.298414, -0.421083, 4.500000),1,0.4191667,0.4388889,True
14:58:13.634,(0.146296, -0.460766, 4.500000),1,0.4108333,0.4444444,True
14:58:13.634,(0.146296, -0.460766, 4.500000),1,0.4108333,0.4444444,True
14:58:13.661,(-0.005823, -0.487221, 4.500000),1,0.4063889,0.4555556,True
14:58:13.662,(-0.005823, -0.487221, 4.500000),1,0.4063889,0.4555556,True
14:58:13.684,(-0.184397, -0.487221, 4.500000),1,0.3925,0.4611111,True
14:58:13.685,(-0.184397, -0.487221, 4.500000),1,0.3925,0.4611111,True
14:58:13.698,(-0.316674, -0.434311, 4.500000),1,0.3925,0.4611111,True
14:58:13.699,(-0.316674, -0.434311, 4.500000),1,0.3925,0.4611111,True
14:58:13.715,(-0.369586, -0.394627, 4.500000),1,0.3975,0.4722222,True
14:58:13.715,(-0.369586, -0.394627, 4.500000),1,0.3975,0.4722222,True
14:58:13.736,(-0.435724, -0.321875, 4.500000),1,0.3975,0.4722222,True
14:58:13.736,(-0.435724, -0.321875, 4.500000),1,0.3975,0.4722222,True
14:58:13.754,(-0.462179, -0.249122, 4.500000),1,0.3975,0.4722222,True
14:58:13.754,(-0.462179, -0.249122, 4.500000),1,0.3975,0.4722222,True
14:58:13.778,(-0.462179, -0.182984, 4.500000),1,0.3747222,0.4666667,True
14:58:13.779,(-0.462179, -0.182984, 4.500000),1,0.3747222,0.4666667,True
14:58:13.799,(-0.422496, -0.044092, 4.500000),1,0.3925,0.4611111,True
14:58:13.800,(-0.422496, -0.044092, 4.500000),1,0.3925,0.4611111,True
14:58:13.816,(-0.356357, 0.061729, 4.500000),1,0.3747222,0.4555556,True
14:58:13.817,(-0.356357, 0.061729, 4.500000),1,0.3747222,0.4555556,True
14:58:13.834,(-0.303447, 0.147710, 4.500000),1,0.3891667,0.4555556,True
14:58:13.834,(-0.303447, 0.147710, 4.500000),1,0.3891667,0.4555556,True
14:58:13.855,(-0.263764, 0.200621, 4.500000),1,0.3891667,0.4555556,True
14:58:13.855,(-0.263764, 0.200621, 4.500000),1,0.3891667,0.4555556,True
14:58:13.871,(-0.250535, 0.227076, 4.500000),1,0.3891667,0.4555556,True
14:58:13.871,(-0.250535, 0.227076, 4.500000),1,0.3891667,0.4555556,True
14:58:13.897,(-0.250535, 0.233690, 4.500000),1,0.3891667,0.4555556,True
14:58:13.898,(-0.250535, 0.233690, 4.500000),1,0.3891667,0.4555556,True
14:58:13.921,(-0.250535, 0.240304, 4.500000),1,0.3855556,0.4388889,True
14:58:13.921,(-0.250535, 0.240304, 4.500000),1,0.3855556,0.4388889,True
14:58:14.305,(-0.263764, 0.227076, 4.500000),0,0.2497222,0.4888889,True
14:58:14.306,(-0.263764, 0.227076, 4.500000),0,0.2497222,0.4888889,True
14:58:14.320,(-0.164555, -0.765004, 4.500000),0,0.2497222,0.4888889,True
14:58:14.320,(-0.164555, -0.765004, 4.500000),0,0.2497222,0.4888889,True
14:58:14.346,(-0.144713, -0.765004, 4.500000),0,0.2497222,0.4888889,True
14:58:14.346,(-0.144713, -0.765004, 4.500000),0,0.2497222,0.4888889,True
14:58:14.359,(-0.111645, -0.765004, 4.500000),0,0.2497222,0.4888889,True
14:58:14.359,(-0.111645, -0.765004, 4.500000),0,0.2497222,0.4888889,True
14:58:14.384,(-0.078575, -0.771618, 4.500000),0,0,0.5,True
14:58:14.385,(-0.078575, -0.771618, 4.500000),0,0,0.5,True
14:58:14.405,(0.014019, -0.778232, 4.500000),1,0,0.5,True
14:58:14.405,(0.014019, -0.778232, 4.500000),1,0,0.5,True
14:58:14.421,(0.080157, -0.758390, 4.500000),1,0.2497222,0.4944444,True
14:58:14.421,(0.080157, -0.758390, 4.500000),1,0.2497222,0.4944444,True
14:58:14.437,(0.152911, -0.738549, 4.500000),1,0.2497222,0.4944444,True
14:58:14.438,(0.152911, -0.738549, 4.500000),1,0.2497222,0.4944444,True
14:58:14.461,(0.185979, -0.725321, 4.500000),1,0.2497222,0.4944444,True
14:58:14.461,(0.185979, -0.725321, 4.500000),1,0.2497222,0.4944444,True
14:58:14.478,(0.225663, -0.712093, 4.500000),1,0.2497222,0.4944444,True
14:58:14.478,(0.225663, -0.712093, 4.500000),1,0.2497222,0.4944444,True
14:58:14.501,(0.225663, -0.712093, 4.500000),1,0.2497222,0.4944444,True
14:58:14.501,(0.225663, -0.712093, 4.500000),1,0.2497222,0.4944444,True
14:58:14.520,(0.225663, -0.712093, 4.500000),1,0.2497222,0.4944444,True
14:58:14.521,(0.225663, -0.712093, 4.500000),1,0.2497222,0.4944444,True
14:58:15.192,(0.212434, -0.712093, 4.500000),0,0,0.5,True
14:58:15.192,(0.212434, -0.712093, 4.500000),0,0,0.5,True
14:58:15.208,(0.212434, -0.712093, 4.500000),0,0,0.5,True
14:58:15.208,(0.212434, -0.712093, 4.500000),0,0,0.5,True
