13:39:13.029,(-2.446340, -0.831143, 4.500000),0,0,0.5,True
13:39:13.029,(-2.446340, -0.831143, 4.500000),0,0,0.5,True
13:39:13.052,(-2.314063, 0.028660, 4.500000),0,0,0.5,True
13:39:13.052,(-2.314063, 0.028660, 4.500000),0,0,0.5,True
13:39:13.074,(-2.314063, 0.041888, 4.500000),0,0,0.5,True
13:39:13.074,(-2.314063, 0.041888, 4.500000),0,0,0.5,True
13:39:13.086,(-2.314063, 0.041888, 4.500000),0,0,0.5,True
13:39:13.087,(-2.314063, 0.041888, 4.500000),0,0,0.5,True
13:39:13.098,(-2.314063, 0.041888, 4.500000),0,0,0.5,True
13:39:13.098,(-2.314063, 0.041888, 4.500000),0,0,0.5,True
13:39:13.115,(-2.314063, 0.035274, 4.500000),0.09119765,0,0.5,True
13:39:13.115,(-2.314063, 0.035274, 4.500000),0.09119765,0,0.5,True
13:39:13.131,(-2.314063, 0.028660, 4.500000),0.1391771,0.5,0.4888889,True
13:39:13.131,(-2.314063, 0.028660, 4.500000),0.1391771,0.5,0.4888889,True
13:39:13.151,(-2.307450, 0.015432, 4.500000),0.1416188,0.5,0.4833333,True
13:39:13.151,(-2.307450, 0.015432, 4.500000),0.1416188,0.5,0.4833333,True
13:39:13.172,(-2.300834, -0.011023, 4.500000),0.1416188,0.5,0.4833333,True
13:39:13.173,(-2.300834, -0.011023, 4.500000),0.1416188,0.5,0.4833333,True
13:39:13.188,(-2.294221, -0.057320, 4.500000),0.1563912,0.5,0.4722222,True
13:39:13.188,(-2.294221, -0.057320, 4.500000),0.1563912,0.5,0.4722222,True
13:39:13.201,(-2.287608, -0.090390, 4.500000),0.1744598,0.5,0.4666667,True
13:39:13.201,(-2.287608, -0.090390, 4.500000),0.1744598,0.5,0.4666667,True
13:39:13.217,(-2.280993, -0.116845, 4.500000),0.2030277,0.5,0.4611111,True
13:39:13.217,(-2.280993, -0.116845, 4.500000),0.2030277,0.5,0.4611111,True
13:39:13.228,(-2.274379, -0.156528, 4.500000),0.2261018,0.5,0.4611111,True
13:39:13.228,(-2.274379, -0.156528, 4.500000),0.2261018,0.5,0.4611111,True
13:39:13.252,(-2.267766, -0.196211, 4.500000),0.2261018,0.5,0.4611111,True
13:39:13.253,(-2.267766, -0.196211, 4.500000),0.2261018,0.5,0.4611111,True
13:39:13.274,(-2.261151, -0.255736, 4.500000),0.2261018,0.5,0.4611111,True
13:39:13.274,(-2.261151, -0.255736, 4.500000),0.2261018,0.5,0.4611111,True
13:39:13.288,(-2.254538, -0.321875, 4.500000),0.3608839,0.5,0.4444444,True
13:39:13.288,(-2.254538, -0.321875, 4.500000),0.3608839,0.5,0.4444444,True
13:39:13.300,(-2.247924, -0.348330, 4.500000),0.4932243,0.5,0.4388889,True
13:39:13.300,(-2.247924, -0.348330, 4.500000),0.4932243,0.5,0.4388889,True
13:39:13.316,(-2.247924, -0.381400, 4.500000),0.5156879,0.5,0.4444444,True
13:39:13.316,(-2.247924, -0.381400, 4.500000),0.5156879,0.5,0.4444444,True
13:39:13.332,(-2.247925, -0.401241, 4.500000),0.5541448,0.5,0.4444444,True
13:39:13.332,(-2.247925, -0.401241, 4.500000),0.5541448,0.5,0.4444444,True
13:39:13.352,(-2.247925, -0.434311, 4.500000),0.5541448,0.5,0.4444444,True
13:39:13.352,(-2.247925, -0.434311, 4.500000),0.5541448,0.5,0.4444444,True
13:39:13.372,(-2.241309, -0.454152, 4.500000),0.5541448,0.5,0.4444444,True
13:39:13.373,(-2.241309, -0.454152, 4.500000),0.5541448,0.5,0.4444444,True
13:39:13.387,(-2.234696, -0.480608, 4.500000),0.6508363,0.5,0.45,True
13:39:13.388,(-2.234696, -0.480608, 4.500000),0.6508363,0.5,0.45,True
13:39:13.399,(-2.234696, -0.487221, 4.500000),0.6491271,0.5,0.4555556,True
13:39:13.400,(-2.234696, -0.487221, 4.500000),0.6491271,0.5,0.4555556,True
13:39:13.420,(-2.234696, -0.493835, 4.500000),0.6493713,0.5,0.4555556,True
13:39:13.420,(-2.234696, -0.493835, 4.500000),0.6493713,0.5,0.4555556,True
13:39:13.431,(-2.228083, -0.493835, 4.500000),0.6470516,0.5,0.4666667,True
13:39:13.431,(-2.228083, -0.493835, 4.500000),0.6470516,0.5,0.4666667,True
13:39:13.918,(-2.228083, -0.493835, 4.500000),0,0,0.5,True
13:39:13.918,(-2.228083, -0.493835, 4.500000),0,0,0.5,True
13:39:13.932,(-2.314063, 0.359353, 4.500000),0,0,0.5,True
13:39:13.933,(-2.314063, 0.359353, 4.500000),0,0,0.5,True
13:39:13.948,(-2.314063, 0.365967, 4.500000),0,0,0.5,True
13:39:13.948,(-2.314063, 0.365967, 4.500000),0,0,0.5,True
13:39:13.964,(-2.320676, 0.365967, 4.500000),0,0,0.5,True
13:39:13.965,(-2.320676, 0.365967, 4.500000),0,0,0.5,True
13:39:13.983,(-2.333905, 0.365967, 4.500000),0,0,0.5,True
13:39:13.984,(-2.333905, 0.365967, 4.500000),0,0,0.5,True
13:39:13.998,(-2.353746, 0.359353, 4.500000),0,0.5,0.4888889,True
13:39:13.998,(-2.353746, 0.359353, 4.500000),0,0.5,0.4888889,True
13:39:14.018,(-2.366973, 0.352740, 4.500000),0.08411671,0.5,0.4833333,True
13:39:14.018,(-2.366973, 0.352740, 4.500000),0.08411671,0.5,0.4833333,True
13:39:14.038,(-2.380201, 0.346126, 4.500000),0.09266268,0.5,0.4722222,True
13:39:14.039,(-2.380201, 0.346126, 4.500000),0.09266268,0.5,0.4722222,True
13:39:14.054,(-2.406657, 0.332898, 4.500000),0.09266268,0.5,0.4722222,True
13:39:14.054,(-2.406657, 0.332898, 4.500000),0.09266268,0.5,0.4722222,True
13:39:14.067,(-2.413270, 0.319670, 4.500000),0.09266268,0.5,0.4722222,True
13:39:14.067,(-2.413270, 0.319670, 4.500000),0.09266268,0.5,0.4722222,True
13:39:14.081,(-2.419885, 0.306443, 4.500000),0.09266268,0.5,0.4722222,True
13:39:14.081,(-2.419885, 0.306443, 4.500000),0.09266268,0.5,0.4722222,True
13:39:14.094,(-2.413270, 0.293215, 4.500000),0.09901111,0.5,0.4444444,True
13:39:14.094,(-2.413270, 0.293215, 4.500000),0.09901111,0.5,0.4444444,True
13:39:14.121,(-2.406657, 0.279987, 4.500000),0.1057258,0.5,0.4333333,True
13:39:14.121,(-2.406657, 0.279987, 4.500000),0.1057258,0.5,0.4333333,True
13:39:14.142,(-2.366973, 0.246918, 4.500000),0.1087779,0.5,0.4222222,True
13:39:14.142,(-2.366973, 0.246918, 4.500000),0.1087779,0.5,0.4222222,True
13:39:14.157,(-2.340518, 0.233690, 4.500000),0.1109755,0.5,0.4222222,True
13:39:14.157,(-2.340518, 0.233690, 4.500000),0.1109755,0.5,0.4222222,True
13:39:14.169,(-2.314063, 0.220462, 4.500000),0.1109755,0.5,0.4222222,True
13:39:14.169,(-2.314063, 0.220462, 4.500000),0.1109755,0.5,0.4222222,True
13:39:14.186,(-2.300834, 0.213848, 4.500000),0.113173,0.5,0.4222222,True
13:39:14.186,(-2.300834, 0.213848, 4.500000),0.113173,0.5,0.4222222,True
13:39:14.205,(-2.294221, 0.207235, 4.500000),0.1258699,0.5,0.4222222,True
13:39:14.206,(-2.294221, 0.207235, 4.500000),0.1258699,0.5,0.4222222,True
13:39:14.228,(-2.287608, 0.200621, 4.500000),0.1258699,0.5,0.4222222,True
13:39:14.229,(-2.287608, 0.200621, 4.500000),0.1258699,0.5,0.4222222,True
13:39:14.250,(-2.287608, 0.194007, 4.500000),0.1477231,0.5,0.4277778,True
13:39:14.250,(-2.287608, 0.194007, 4.500000),0.1477231,0.5,0.4277778,True
13:39:14.265,(-2.300835, 0.194007, 4.500000),0.1493102,0.5,0.4333333,True
13:39:14.266,(-2.300835, 0.194007, 4.500000),0.1493102,0.5,0.4333333,True
13:39:14.278,(-2.327290, 0.187393, 4.500000),0.1493102,0.5,0.4333333,True
13:39:14.278,(-2.327290, 0.187393, 4.500000),0.1493102,0.5,0.4333333,True
13:39:14.296,(-2.347131, 0.187393, 4.500000),0.1493102,0.5,0.4333333,True
13:39:14.297,(-2.347131, 0.187393, 4.500000),0.1493102,0.5,0.4333333,True
13:39:14.309,(-2.386815, 0.187393, 4.500000),0.1493102,0.5,0.4333333,True
13:39:14.309,(-2.386815, 0.187393, 4.500000),0.1493102,0.5,0.4333333,True
13:39:14.333,(-2.406657, 0.174165, 4.500000),0.1493102,0.5,0.4333333,True
13:39:14.333,(-2.406657, 0.174165, 4.500000),0.1493102,0.5,0.4333333,True
13:39:14.352,(-2.439727, 0.160938, 4.500000),0.1493102,0.5,0.4333333,True
13:39:14.352,(-2.439727, 0.160938, 4.500000),0.1493102,0.5,0.4333333,True
13:39:15.363,(-2.472795, 0.147710, 4.500000),0,0.75,0.4888889,True
13:39:15.363,(-2.472795, 0.147710, 4.500000),0,0.75,0.4888889,True
13:39:15.380,(-2.472795, 0.147710, 4.500000),0,0.75,0.4888889,True
13:39:15.380,(-2.472795, 0.147710, 4.500000),0,0.75,0.4888889,True
13:39:15.394,(-2.472795, 0.147710, 4.500000),0,0.75,0.4888889,True
13:39:15.394,(-2.472795, 0.147710, 4.500000),0,0.75,0.4888889,True
13:39:15.408,(-2.472795, 0.147710, 4.500000),0,0.75,0.4888889,True
13:39:15.409,(-2.472795, 0.147710, 4.500000),0,0.75,0.4888889,True
13:39:15.428,(-2.472795, 0.147710, 4.500000),0,0.5933333,0.4777778,True
13:39:15.428,(-2.472795, 0.147710, 4.500000),0,0.5933333,0.4777778,True
