14:58:02.799,(0.404236, 0.279987, 4.500000),0,0,0.5,False
14:58:02.799,(0.404236, 0.279987, 4.500000),0,0,0.5,False
14:58:03.779,(0.404236, 0.279987, 4.500000),0,0.5,0.4944444,True
14:58:03.780,(0.404236, 0.279987, 4.500000),0,0.5,0.4944444,True
14:58:03.800,(0.741544, 0.716502, 4.500000),0,0,0.5,True
14:58:03.800,(0.741544, 0.716502, 4.500000),0,0,0.5,True
14:58:03.826,(0.741544, 0.742958, 4.500000),0,0,0.5,True
14:58:03.827,(0.741544, 0.742958, 4.500000),0,0,0.5,True
14:58:03.842,(0.748157, 0.782641, 4.500000),0,0,0.5,True
14:58:03.842,(0.748157, 0.782641, 4.500000),0,0,0.5,True
14:58:03.854,(0.748157, 0.782641, 4.500000),0,0,0.5,True
14:58:03.854,(0.748157, 0.782641, 4.500000),0,0,0.5,True
14:58:03.874,(0.741544, 0.769413, 4.500000),0,0,0.5,True
14:58:03.874,(0.741544, 0.769413, 4.500000),0,0,0.5,True
14:58:03.892,(0.741544, 0.736344, 4.500000),0.5922354,0.4261111,0.4833333,True
14:58:03.892,(0.741544, 0.736344, 4.500000),0.5922354,0.4261111,0.4833333,True
14:58:03.918,(0.741544, 0.676819, 4.500000),0.5922354,0.4261111,0.4833333,True
14:58:03.919,(0.741544, 0.676819, 4.500000),0.5922354,0.4261111,0.4833333,True
14:58:03.941,(0.741544, 0.610681, 4.500000),0.5922354,0.4261111,0.4833333,True
14:58:03.941,(0.741544, 0.610681, 4.500000),0.5922354,0.4261111,0.4833333,True
14:58:03.954,(0.741544, 0.504859, 4.500000),0.8687584,0.4011111,0.45,True
14:58:03.954,(0.741544, 0.504859, 4.500000),0.8687584,0.4011111,0.45,True
14:58:03.972,(0.754772, 0.438720, 4.500000),1,0.4063889,0.4388889,True
14:58:03.972,(0.754772, 0.438720, 4.500000),1,0.4063889,0.4388889,True
14:58:03.996,(0.767999, 0.359353, 4.500000),1,0.4027778,0.4277778,True
14:58:03.996,(0.767999, 0.359353, 4.500000),1,0.4027778,0.4277778,True
14:58:04.012,(0.787841, 0.266759, 4.500000),1,0.4027778,0.4277778,True
14:58:04.013,(0.787841, 0.266759, 4.500000),1,0.4027778,0.4277778,True
14:58:04.039,(0.807683, 0.174165, 4.500000),1,0.3908333,0.4166667,True
14:58:04.040,(0.807683, 0.174165, 4.500000),1,0.3908333,0.4166667,True
14:58:04.060,(0.820911, 0.081571, 4.500000),1,0.4011111,0.4,True
14:58:04.061,(0.820911, 0.081571, 4.500000),1,0.4011111,0.4,True
14:58:04.075,(0.827524, -0.050706, 4.500000),1,0.4011111,0.4,True
14:58:04.076,(0.827524, -0.050706, 4.500000),1,0.4011111,0.4,True
14:58:04.092,(0.827524, -0.110231, 4.500000),1,0.3955556,0.4055555,True
14:58:04.092,(0.827524, -0.110231, 4.500000),1,0.3955556,0.4055555,True
14:58:04.114,(0.820911, -0.189597, 4.500000),1,0.3955556,0.4055555,True
14:58:04.114,(0.820911, -0.189597, 4.500000),1,0.3955556,0.4055555,True
14:58:04.130,(0.820911, -0.249122, 4.500000),1,0.3955556,0.4055555,True
14:58:04.130,(0.820911, -0.249122, 4.500000),1,0.3955556,0.4055555,True
14:58:04.158,(0.814296, -0.275578, 4.500000),1,0.3908333,0.4166667,True
14:58:04.158,(0.814296, -0.275578, 4.500000),1,0.3908333,0.4166667,True
14:58:04.179,(0.807683, -0.321875, 4.500000),1,0.3908333,0.4166667,True
14:58:04.180,(0.807683, -0.321875, 4.500000),1,0.3908333,0.4166667,True
14:58:04.195,(0.794454, -0.374786, 4.500000),1,0.3641667,0.4388889,True
14:58:04.195,(0.794454, -0.374786, 4.500000),1,0.3641667,0.4388889,True
14:58:04.210,(0.787841, -0.401241, 4.500000),1,0.3522222,0.4444444,True
14:58:04.210,(0.787841, -0.401241, 4.500000),1,0.3522222,0.4444444,True
14:58:04.236,(0.767999, -0.434311, 4.500000),1,0.3522222,0.4444444,True
14:58:04.236,(0.767999, -0.434311, 4.500000),1,0.3522222,0.4444444,True
14:58:04.250,(0.741544, -0.473994, 4.500000),1,0.3236111,0.45,True
14:58:04.250,(0.741544, -0.473994, 4.500000),1,0.3236111,0.45,True
14:58:04.279,(0.728316, -0.493835, 4.500000),1,0.3236111,0.45,True
14:58:04.279,(0.728316, -0.493835, 4.500000),1,0.3236111,0.45,True
14:58:04.300,(0.675405, -0.533519, 4.500000),1,0.3236111,0.45,True
14:58:04.300,(0.675405, -0.533519, 4.500000),1,0.3236111,0.45,True
14:58:04.317,(0.622494, -0.559974, 4.500000),1,0.2725,0.4555556,True
14:58:04.317,(0.622494, -0.559974, 4.500000),1,0.2725,0.4555556,True
14:58:04.328,(0.569584, -0.586430, 4.500000),1,0.2725,0.4555556,True
14:58:04.329,(0.569584, -0.586430, 4.500000),1,0.2725,0.4555556,True
14:58:04.354,(0.523287, -0.606271, 4.500000),1,0.2697222,0.45,True
14:58:04.354,(0.523287, -0.606271, 4.500000),1,0.2697222,0.45,True
14:58:04.370,(0.430691, -0.632727, 4.500000),1,0.2697222,0.45,True
14:58:04.370,(0.430691, -0.632727, 4.500000),1,0.2697222,0.45,True
14:58:04.393,(0.391010, -0.632727, 4.500000),1,0.2497222,0.4555556,True
14:58:04.394,(0.391010, -0.632727, 4.500000),1,0.2497222,0.4555556,True
14:58:04.414,(0.331485, -0.632727, 4.500000),1,0.2497222,0.4611111,True
14:58:04.414,(0.331485, -0.632727, 4.500000),1,0.2497222,0.4611111,True
14:58:04.433,(0.258731, -0.612885, 4.500000),1,0.2497222,0.4555556,True
14:58:04.433,(0.258731, -0.612885, 4.500000),1,0.2497222,0.4555556,True
14:58:04.448,(0.212434, -0.586430, 4.500000),1,0.2497222,0.4555556,True
14:58:04.448,(0.212434, -0.586430, 4.500000),1,0.2497222,0.4555556,True
14:58:04.470,(0.185979, -0.566588, 4.500000),1,0.2497222,0.4555556,True
14:58:04.471,(0.185979, -0.566588, 4.500000),1,0.2497222,0.4555556,True
14:58:04.489,(0.152911, -0.533519, 4.500000),1,0.2497222,0.45,True
14:58:04.489,(0.152911, -0.533519, 4.500000),1,0.2497222,0.45,True
14:58:04.517,(0.126454, -0.487221, 4.500000),1,0.2497222,0.45,True
14:58:04.518,(0.126454, -0.487221, 4.500000),1,0.2497222,0.45,True
14:58:04.538,(0.106612, -0.427697, 4.500000),1,0.2497222,0.45,True
14:58:04.539,(0.106612, -0.427697, 4.500000),1,0.2497222,0.45,True
14:58:04.554,(0.106612, -0.381400, 4.500000),1,0.2497222,0.45,True
14:58:04.554,(0.106612, -0.381400, 4.500000),1,0.2497222,0.45,True
14:58:04.569,(0.133069, -0.328489, 4.500000),1,0.2497222,0.45,True
14:58:04.570,(0.133069, -0.328489, 4.500000),1,0.2497222,0.45,True
14:58:04.593,(0.152911, -0.288806, 4.500000),1,0.2497222,0.45,True
14:58:04.593,(0.152911, -0.288806, 4.500000),1,0.2497222,0.45,True
14:58:04.610,(0.212434, -0.222667, 4.500000),1,0.2497222,0.45,True
14:58:04.610,(0.212434, -0.222667, 4.500000),1,0.2497222,0.45,True
14:58:04.635,(0.225663, -0.189597, 4.500000),1,0.2658333,0.4388889,True
14:58:04.636,(0.225663, -0.189597, 4.500000),1,0.2658333,0.4388889,True
14:58:04.656,(0.245504, -0.169756, 4.500000),1,0.2961111,0.4388889,True
14:58:04.656,(0.245504, -0.169756, 4.500000),1,0.2961111,0.4388889,True
14:58:04.670,(0.245504, -0.169756, 4.500000),1,0.2961111,0.4388889,True
14:58:04.670,(0.245504, -0.169756, 4.500000),1,0.2961111,0.4388889,True
14:58:04.690,(0.245504, -0.169756, 4.500000),1,0.2961111,0.4388889,True
14:58:04.690,(0.245504, -0.169756, 4.500000),1,0.2961111,0.4388889,True
14:58:04.708,(0.245504, -0.163142, 4.500000),1,0.3105555,0.4388889,True
14:58:04.708,(0.245504, -0.163142, 4.500000),1,0.3105555,0.4388889,True
14:58:04.727,(0.245504, -0.163142, 4.500000),1,0.3105555,0.4388889,True
14:58:04.727,(0.245504, -0.163142, 4.500000),1,0.3105555,0.4388889,True
14:58:04.756,(0.245504, -0.163142, 4.500000),1,0.3294444,0.4277778,True
14:58:04.757,(0.245504, -0.163142, 4.500000),1,0.3294444,0.4277778,True
14:58:05.412,(0.238889, -0.130073, 4.500000),0,0,0.5,True
14:58:05.413,(0.238889, -0.130073, 4.500000),0,0,0.5,True
14:58:05.429,(0.238889, -0.130073, 4.500000),0,0,0.5,True
14:58:05.429,(0.238889, -0.130073, 4.500000),0,0,0.5,True
14:58:05.446,(0.238889, -0.130073, 4.500000),0,0,0.5,True
14:58:05.447,(0.238889, -0.130073, 4.500000),0,0,0.5,True
14:58:05.465,(0.238889, -0.130073, 4.500000),0,0,0.5,True
14:58:05.466,(0.238889, -0.130073, 4.500000),0,0,0.5,True
