15:30:19.759,(-0.839171, -0.057320, 4.500000),0,0.5,0.4,False
15:30:19.759,(-0.839171, -0.057320, 4.500000),0,0.5,0.4,False
15:30:19.786,(-0.422496, 0.293215, 4.500000),0,0.5,0.3944444,False
15:30:19.786,(-0.422496, 0.293215, 4.500000),0,0.5,0.3944444,False
15:30:19.797,(-0.429111, 0.299829, 4.500000),0,0.5,0.3944444,False
15:30:19.797,(-0.429111, 0.299829, 4.500000),0,0.5,0.3944444,False
15:30:19.823,(-0.429111, 0.299829, 4.500000),0,0.5,0.3944444,False
15:30:19.823,(-0.429111, 0.299829, 4.500000),0,0.5,0.3944444,False
15:30:19.838,(-0.422496, 0.293215, 4.500000),0,0.5,0.3833333,False
15:30:19.838,(-0.422496, 0.293215, 4.500000),0,0.5,0.3833333,False
15:30:19.867,(-0.409269, 0.279987, 4.500000),0.05542669,0.5,0.3666667,False
15:30:19.867,(-0.409269, 0.279987, 4.500000),0.05542669,0.5,0.3666667,False
15:30:19.887,(-0.382814, 0.253531, 4.500000),0.05298498,0.5,0.3666667,False
15:30:19.887,(-0.382814, 0.253531, 4.500000),0.05298498,0.5,0.3666667,False
15:30:19.905,(-0.343131, 0.227076, 4.500000),0.05298498,0.5,0.3666667,False
15:30:19.905,(-0.343131, 0.227076, 4.500000),0.05298498,0.5,0.3666667,False
15:30:19.920,(-0.316674, 0.207235, 4.500000),0.0528629,0.5,0.3555556,False
15:30:19.920,(-0.316674, 0.207235, 4.500000),0.0528629,0.5,0.3555556,False
15:30:19.942,(-0.270377, 0.174165, 4.500000),0.05298498,0.5,0.3555556,False
15:30:19.942,(-0.270377, 0.174165, 4.500000),0.05298498,0.5,0.3555556,False
15:30:19.959,(-0.217467, 0.134482, 4.500000),0.05298498,0.5,0.3555556,False
15:30:19.959,(-0.217467, 0.134482, 4.500000),0.05298498,0.5,0.3555556,False
15:30:19.985,(-0.157942, 0.101413, 4.500000),0.05225247,0.5,0.35,False
15:30:19.986,(-0.157942, 0.101413, 4.500000),0.05225247,0.5,0.35,False
15:30:20.005,(-0.098417, 0.055116, 4.500000),0.05420583,0.5,0.3444445,False
15:30:20.006,(-0.098417, 0.055116, 4.500000),0.05420583,0.5,0.3444445,False
15:30:20.023,(-0.038891, 0.015432, 4.500000),0.05481626,0.5,0.3444445,False
15:30:20.023,(-0.038891, 0.015432, 4.500000),0.05481626,0.5,0.3444445,False
15:30:20.041,(0.000790, -0.037479, 4.500000),0.05591503,0.5,0.3444445,False
15:30:20.041,(0.000790, -0.037479, 4.500000),0.05591503,0.5,0.3444445,False
15:30:20.068,(0.040474, -0.083776, 4.500000),0.05151996,0.5,0.3444445,False
15:30:20.068,(0.040474, -0.083776, 4.500000),0.0511537,0.5,0.3444445,False
15:30:20.082,(0.086770, -0.149914, 4.500000),0.0511537,0.5,0.3444445,False
15:30:20.082,(0.086770, -0.149914, 4.500000),0.0511537,0.5,0.3444445,False
15:30:20.109,(0.106612, -0.182984, 4.500000),0.05249664,0.5,0.35,False
15:30:20.110,(0.106612, -0.182984, 4.500000),0.05249664,0.5,0.35,False
15:30:20.131,(0.133069, -0.242509, 4.500000),0.05274081,0.5,0.35,False
15:30:20.131,(0.133069, -0.242509, 4.500000),0.05274081,0.5,0.35,False
15:30:20.148,(0.146296, -0.288806, 4.500000),0.05225247,0.5,0.35,False
15:30:20.148,(0.146296, -0.288806, 4.500000),0.05225247,0.5,0.35,False
15:30:20.163,(0.146296, -0.328489, 4.500000),0.05164205,0.5,0.35,False
15:30:20.163,(0.146296, -0.328489, 4.500000),0.05164205,0.5,0.35,False
15:30:20.189,(0.146296, -0.361558, 4.500000),0.05298498,0.5,0.35,False
15:30:20.189,(0.146296, -0.361558, 4.500000),0.05298498,0.5,0.35,False
15:30:20.203,(0.119841, -0.421083, 4.500000),0.05298498,0.5,0.35,False
15:30:20.203,(0.119841, -0.421083, 4.500000),0.05298498,0.5,0.35,False
15:30:20.232,(0.106612, -0.447538, 4.500000),0.05298498,0.5,0.35,False
15:30:20.232,(0.106612, -0.447538, 4.500000),0.05298498,0.5,0.35,False
15:30:20.256,(0.047089, -0.500449, 4.500000),0.08436088,0.5,0.35,False
15:30:20.256,(0.047089, -0.500449, 4.500000),0.08436088,0.5,0.35,False
15:30:20.271,(-0.038891, -0.546746, 4.500000),0.08436088,0.5,0.35,False
15:30:20.271,(-0.038891, -0.546746, 4.500000),0.08436088,0.5,0.35,False
15:30:20.285,(-0.091803, -0.566588, 4.500000),0.113173,0.5,0.35,False
15:30:20.285,(-0.091803, -0.566588, 4.500000),0.113173,0.5,0.35,False
15:30:20.311,(-0.184397, -0.586430, 4.500000),0.1312416,0.5,0.35,False
15:30:20.311,(-0.184397, -0.586430, 4.500000),0.1312416,0.5,0.35,False
15:30:20.329,(-0.290219, -0.599657, 4.500000),0.1623733,0.5,0.35,False
15:30:20.329,(-0.290219, -0.599657, 4.500000),0.1623733,0.5,0.35,False
15:30:20.352,(-0.422496, -0.606271, 4.500000),0.1910634,0.5,0.3444445,False
15:30:20.353,(-0.422496, -0.606271, 4.500000),0.1910634,0.5,0.3444445,False
15:30:20.373,(-0.554775, -0.599657, 4.500000),0.1910634,0.5,0.3444445,False
15:30:20.373,(-0.554775, -0.599657, 4.500000),0.1910634,0.5,0.3444445,False
15:30:20.390,(-0.720120, -0.593043, 4.500000),0.2149921,0.5,0.3388889,False
15:30:20.390,(-0.720120, -0.593043, 4.500000),0.2149921,0.5,0.3388889,False
15:30:20.409,(-0.786258, -0.586430, 4.500000),0.2149921,0.5,0.3388889,False
15:30:20.409,(-0.786258, -0.586430, 4.500000),0.2149921,0.5,0.3388889,False
15:30:20.435,(-0.865625, -0.566588, 4.500000),0.3734587,0.5,0.3388889,False
15:30:20.435,(-0.865625, -0.566588, 4.500000),0.3734587,0.5,0.3388889,False
15:30:20.449,(-0.931764, -0.540133, 4.500000),0.3734587,0.5,0.3388889,False
15:30:20.450,(-0.931764, -0.540133, 4.500000),0.3734587,0.5,0.3388889,False
15:30:20.478,(-0.951606, -0.533519, 4.500000),0.4106947,0.5,0.3388889,False
15:30:20.478,(-0.951606, -0.533519, 4.500000),0.4106947,0.5,0.3388889,False
15:30:21.290,(-0.964834, -0.520291, 4.500000),0,0.5,0.4166667,False
15:30:21.290,(-0.964834, -0.520291, 4.500000),0,0.5,0.4166667,False
15:30:21.307,(-0.964834, -0.520291, 4.500000),0,0.5,0.4333333,False
15:30:21.308,(-0.964834, -0.520291, 4.500000),0,0.5,0.4333333,False
15:30:21.326,(-0.964834, -0.520291, 4.500000),0,0.5,0.4388889,False
15:30:21.327,(-0.964834, -0.520291, 4.500000),0,0.5,0.4388889,False
