11:57:27.027,(-0.808305, -0.709889, 4.500000),0,0.5,0.4888889,False
11:57:27.055,(-1.103724, -0.348330, 4.500000),0,0.5,0.4888889,False
11:57:27.072,(-1.108133, -0.339512, 4.500000),0,0.5,0.4777778,False
11:57:27.095,(-1.112544, -0.330693, 4.500000),0,0.5,0.4722222,False
11:57:27.119,(-1.116953, -0.326284, 4.500000),0,0.5,0.4666667,False
11:57:27.134,(-1.116953, -0.321875, 4.500000),0.07337321,0.5,0.4388889,False
11:57:27.146,(-1.121362, -0.321875, 4.500000),0.07337321,0.5,0.4388889,False
11:57:27.167,(-1.121362, -0.321875, 4.500000),0.2021731,0.5,0.4166667,False
11:57:27.183,(-1.116953, -0.326284, 4.500000),0.2275668,0.5,0.4111111,False
11:57:27.214,(-1.112544, -0.339512, 4.500000),0.3640581,0.5,0.3944444,False
11:57:27.237,(-1.103724, -0.357149, 4.500000),0.3640581,0.5,0.3944444,False
11:57:27.252,(-1.099316, -0.379195, 4.500000),0.3589305,0.5,0.3888889,False
11:57:27.266,(-1.099316, -0.392423, 4.500000),0.3570993,0.5,0.3888889,False
11:57:27.286,(-1.099316, -0.405651, 4.500000),0.3588085,0.5,0.3833333,False
11:57:27.304,(-1.108133, -0.427697, 4.500000),0.3601514,0.5,0.3833333,False
11:57:27.331,(-1.116953, -0.445334, 4.500000),0.3647906,0.5,0.3777778,False
11:57:27.354,(-1.125771, -0.458562, 4.500000),0.3675986,0.5,0.3777778,False
11:57:27.370,(-1.147817, -0.471789, 4.500000),0.3683311,0.5,0.3777778,False
11:57:27.385,(-1.178683, -0.476198, 4.500000),0.3700403,0.5,0.3777778,False
11:57:27.409,(-1.200729, -0.476198, 4.500000),0.3740691,0.5,0.3777778,False
11:57:27.424,(-1.244821, -0.485017, 4.500000),0.3829813,0.5,0.3833333,False
11:57:27.452,(-1.271276, -0.489426, 4.500000),0.4251007,0.5,0.3833333,False
11:57:27.478,(-1.306551, -0.498245, 4.500000),0.521426,0.5,0.3888889,False
11:57:27.495,(-1.346232, -0.502654, 4.500000),0.521426,0.5,0.3888889,False
11:57:27.508,(-1.368280, -0.507063, 4.500000),0.521426,0.5,0.3888889,False
11:57:27.525,(-1.403553, -0.507063, 4.500000),0.5383958,0.5,0.3888889,False
11:57:27.540,(-1.425599, -0.507063, 4.500000),0.5392504,0.5,0.3888889,False
11:57:27.568,(-1.456465, -0.502654, 4.500000),0.5388842,0.5,0.3944444,False
11:57:27.591,(-1.482920, -0.502654, 4.500000),0.5403492,0.5,0.3944444,False
11:57:27.608,(-1.509375, -0.493835, 4.500000),0.5441338,0.5,0.3944444,False
11:57:27.624,(-1.522603, -0.485017, 4.500000),0.5667196,0.5,0.3944444,False
11:57:27.645,(-1.535830, -0.471789, 4.500000),0.5762422,0.4919444,0.3833333,False
11:57:27.664,(-1.549058, -0.449743, 4.500000),0.5790502,0.4919444,0.3833333,False
11:57:27.685,(-1.562287, -0.432106, 4.500000),0.5840557,0.4919444,0.3833333,False
11:57:27.710,(-1.571105, -0.410060, 4.500000),0.587352,0.4838889,0.3833333,False
11:57:27.725,(-1.584333, -0.379195, 4.500000),0.5890611,0.4847222,0.3777778,False
11:57:27.741,(-1.588742, -0.370377, 4.500000),0.5904041,0.4847222,0.3777778,False
11:57:28.189,(-1.593151, -0.361558, 4.500000),0,0.5,0.4444444,False
11:57:28.205,(-1.280094, -0.220462, 4.500000),0,0.5,0.4444444,False
11:57:28.231,(-1.280094, -0.220462, 4.500000),0,0.5,0.4444444,False
11:57:28.256,(-1.280094, -0.216053, 4.500000),0,0.5,0.4222222,False
11:57:28.463,(-1.280094, -0.211644, 4.500000),0,0.5,0.3833333,False
11:57:28.479,(-1.434419, -0.264555, 4.500000),0,0.5,0.3888889,False
11:57:28.499,(-1.438828, -0.260145, 4.500000),0,0.5,0.3888889,False
11:57:28.516,(-1.438828, -0.255736, 4.500000),0,0.5,0.3888889,False
11:57:29.537,(-1.438828, -0.255736, 4.500000),0,0,0.5,False
11:57:29.557,(-1.438828, -0.255736, 4.500000),0,0,0.5,False
11:57:29.575,(-1.438828, -0.255736, 4.500000),0,0,0.5,False
11:57:29.593,(-1.438828, -0.255736, 4.500000),0,0,0.5,False
