14:01:35.578,(-2.168558, -0.890667, 4.500000),0,0,0.5,False
14:01:35.578,(-2.168558, -0.890667, 4.500000),0,0,0.5,False
14:01:35.602,(-2.300834, -0.242509, 4.500000),0,0,0.5,False
14:01:35.602,(-2.300834, -0.242509, 4.500000),0,0,0.5,False
14:01:35.615,(-2.307450, -0.235895, 4.500000),0,0,0.5,False
14:01:35.616,(-2.307450, -0.235895, 4.500000),0,0,0.5,False
14:01:35.632,(-2.307450, -0.229281, 4.500000),0,0,0.5,False
14:01:35.633,(-2.307450, -0.229281, 4.500000),0,0,0.5,False
14:01:35.646,(-2.307450, -0.229281, 4.500000),0,0,0.5,False
14:01:35.646,(-2.307450, -0.229281, 4.500000),0,0,0.5,False
14:01:35.667,(-2.300835, -0.235895, 4.500000),0,0,0.5,False
14:01:35.667,(-2.300835, -0.235895, 4.500000),0,0,0.5,False
14:01:35.687,(-2.287608, -0.249122, 4.500000),0.1875229,0.5,0.4944444,False
14:01:35.687,(-2.287608, -0.249122, 4.500000),0.1875229,0.5,0.4944444,False
14:01:35.705,(-2.261151, -0.275578, 4.500000),0.1875229,0.5,0.4944444,False
14:01:35.706,(-2.261151, -0.275578, 4.500000),0.1875229,0.5,0.4944444,False
14:01:35.718,(-2.247924, -0.302033, 4.500000),0.1988768,0.5,0.4888889,False
14:01:35.719,(-2.247924, -0.302033, 4.500000),0.1988768,0.5,0.4888889,False
14:01:35.735,(-2.228083, -0.335103, 4.500000),0.1988768,0.5,0.4888889,False
14:01:35.735,(-2.228083, -0.335103, 4.500000),0.1988768,0.5,0.4888889,False
14:01:35.746,(-2.201626, -0.388014, 4.500000),0.2096203,0.5,0.4833333,False
14:01:35.746,(-2.201626, -0.388014, 4.500000),0.2096203,0.5,0.4833333,False
14:01:35.767,(-2.181786, -0.427697, 4.500000),0.2214626,0.5,0.4777778,False
14:01:35.768,(-2.181786, -0.427697, 4.500000),0.2214626,0.5,0.4777778,False
14:01:35.791,(-2.175171, -0.460766, 4.500000),0.2483213,0.5,0.4722222,False
14:01:35.791,(-2.175171, -0.460766, 4.500000),0.2483213,0.5,0.4722222,False
14:01:35.809,(-2.168558, -0.533519, 4.500000),0.2604078,0.5,0.4722222,False
14:01:35.809,(-2.168558, -0.533519, 4.500000),0.2604078,0.5,0.4722222,False
14:01:35.822,(-2.188399, -0.579816, 4.500000),0.2604078,0.5,0.4722222,False
14:01:35.823,(-2.188399, -0.579816, 4.500000),0.2604078,0.5,0.4722222,False
14:01:35.838,(-2.208241, -0.606271, 4.500000),0.2604078,0.5,0.4722222,False
14:01:35.838,(-2.208241, -0.606271, 4.500000),0.2604078,0.5,0.4722222,False
14:01:35.849,(-2.234696, -0.632727, 4.500000),0.2604078,0.5,0.4722222,False
14:01:35.850,(-2.234696, -0.632727, 4.500000),0.2604078,0.5,0.4722222,False
14:01:35.875,(-2.267766, -0.659182, 4.500000),0.3745574,0.5,0.4611111,False
14:01:35.875,(-2.267766, -0.659182, 4.500000),0.3745574,0.5,0.4611111,False
14:01:35.897,(-2.327290, -0.685638, 4.500000),0.4760103,0.5,0.4666667,False
14:01:35.897,(-2.327290, -0.685638, 4.500000),0.4760103,0.5,0.4666667,False
14:01:35.914,(-2.419885, -0.718707, 4.500000),0.4890734,0.5,0.4666667,False
14:01:35.914,(-2.419885, -0.718707, 4.500000),0.4890734,0.5,0.4666667,False
14:01:35.927,(-2.479410, -0.725321, 4.500000),0.5077524,0.5,0.4666667,False
14:01:35.927,(-2.479410, -0.725321, 4.500000),0.5077524,0.5,0.4666667,False
14:01:35.943,(-2.519092, -0.731934, 4.500000),0.5077524,0.5,0.4666667,False
14:01:35.943,(-2.519092, -0.731934, 4.500000),0.5077524,0.5,0.4666667,False
14:01:35.957,(-2.552162, -0.725321, 4.500000),0.5098279,0.5,0.4777778,False
14:01:35.957,(-2.552162, -0.725321, 4.500000),0.5098279,0.5,0.4777778,False
14:01:35.981,(-2.591846, -0.712093, 4.500000),0.5553656,0.5,0.4833333,False
14:01:35.982,(-2.591846, -0.712093, 4.500000),0.5553656,0.5,0.4833333,False
14:01:36.005,(-2.644755, -0.665796, 4.500000),0.5794165,0.5,0.4888889,False
14:01:36.005,(-2.644755, -0.665796, 4.500000),0.5794165,0.5,0.4888889,False
14:01:36.022,(-2.704281, -0.566588, 4.500000),0.6100598,0.5,0.4944444,False
14:01:36.023,(-2.704281, -0.566588, 4.500000),0.6100598,0.5,0.4944444,False
14:01:36.035,(-2.710894, -0.533519, 4.500000),0.6100598,0.5,0.4944444,False
14:01:36.035,(-2.710894, -0.533519, 4.500000),0.6100598,0.5,0.4944444,False
14:01:36.053,(-2.717509, -0.500449, 4.500000),0.6100598,0.5,0.4944444,False
14:01:36.053,(-2.717509, -0.500449, 4.500000),0.6100598,0.5,0.4944444,False
14:01:36.066,(-2.710894, -0.440924, 4.500000),0.6100598,0.5,0.4944444,False
14:01:36.067,(-2.710894, -0.440924, 4.500000),0.6100598,0.5,0.4944444,False
14:01:36.086,(-2.704281, -0.401241, 4.500000),0.6100598,0.5,0.4944444,False
14:01:36.086,(-2.704281, -0.401241, 4.500000),0.6100598,0.5,0.4944444,False
14:01:36.342,(-2.697668, -0.354944, 4.500000),0,0.5,0.4833333,False
14:01:36.343,(-2.697668, -0.354944, 4.500000),0,0.5,0.4833333,False
14:01:36.359,(-2.525707, -0.136687, 4.500000),0,0.5,0.4888889,False
14:01:36.359,(-2.525707, -0.136687, 4.500000),0,0.5,0.4888889,False
14:01:36.376,(-2.512479, -0.130073, 4.500000),0,0.5,0.4888889,False
14:01:36.376,(-2.512479, -0.130073, 4.500000),0,0.5,0.4888889,False
14:01:36.392,(-2.499250, -0.116845, 4.500000),0,0.5,0.4944444,False
14:01:36.393,(-2.499250, -0.116845, 4.500000),0,0.5,0.4944444,False
14:01:36.405,(-2.505865, -0.123459, 4.500000),0,0.5,0.4944444,False
14:01:36.405,(-2.505865, -0.123459, 4.500000),0,0.5,0.4944444,False
14:01:37.194,(-2.512479, -0.136687, 4.500000),0,0.75,0.4611111,False
14:01:37.194,(-2.512479, -0.136687, 4.500000),0,0.75,0.4611111,False
14:01:37.210,(-2.512479, -0.136687, 4.500000),0,0.75,0.4722222,False
14:01:37.211,(-2.512479, -0.136687, 4.500000),0,0.75,0.4722222,False
14:01:37.223,(-2.512479, -0.136687, 4.500000),0,0.75,0.4722222,False
14:01:37.223,(-2.512479, -0.136687, 4.500000),0,0.75,0.4722222,False
14:01:37.241,(-2.512479, -0.136687, 4.500000),0,0.75,0.4666667,False
14:01:37.241,(-2.512479, -0.136687, 4.500000),0,0.75,0.4666667,False
14:01:37.257,(-2.512479, -0.136687, 4.500000),0,0.75,0.4666667,False
14:01:37.257,(-2.512479, -0.136687, 4.500000),0,0.75,0.4666667,False
