14:56:02.366,(1.588120, -0.586430, 4.500000),0,0.5,0.4944444,True
14:56:02.366,(1.588120, -0.586430, 4.500000),0,0.5,0.4944444,True
14:56:02.390,(0.556355, -0.116845, 4.500000),0,0.5,0.4944444,True
14:56:02.391,(0.556355, -0.116845, 4.500000),0,0.5,0.4944444,True
14:56:02.403,(0.523287, -0.156528, 4.500000),0,0.5,0.4944444,True
14:56:02.403,(0.523287, -0.156528, 4.500000),0,0.5,0.4944444,True
14:56:02.430,(0.476990, -0.196211, 4.500000),0,0,0.5,True
14:56:02.430,(0.476990, -0.196211, 4.500000),0,0,0.5,True
14:56:02.444,(0.424078, -0.235895, 4.500000),0,0,0.5,True
14:56:02.444,(0.424078, -0.235895, 4.500000),0,0,0.5,True
14:56:02.465,(0.384395, -0.249122, 4.500000),1,0.5,0.4944444,True
14:56:02.465,(0.384395, -0.249122, 4.500000),1,0.5,0.4944444,True
14:56:02.487,(0.351326, -0.249122, 4.500000),1,0.4486111,0.4777778,True
14:56:02.487,(0.351326, -0.249122, 4.500000),1,0.4486111,0.4777778,True
14:56:02.504,(0.324871, -0.209439, 4.500000),1,0.4063889,0.4777778,True
14:56:02.505,(0.324871, -0.209439, 4.500000),1,0.4063889,0.4777778,True
14:56:02.521,(0.318256, -0.182984, 4.500000),1,0.4391667,0.4666667,True
14:56:02.522,(0.318256, -0.182984, 4.500000),1,0.4391667,0.4666667,True
14:56:02.544,(0.318256, -0.130073, 4.500000),1,0.4391667,0.4666667,True
14:56:02.544,(0.318256, -0.130073, 4.500000),1,0.4391667,0.4666667,True
14:56:02.561,(0.331485, -0.077162, 4.500000),1,0.4391667,0.4666667,True
14:56:02.561,(0.331485, -0.077162, 4.500000),1,0.4391667,0.4666667,True
14:56:02.589,(0.344711, -0.057320, 4.500000),1,0.4261111,0.45,True
14:56:02.589,(0.344711, -0.057320, 4.500000),1,0.4261111,0.45,True
14:56:02.608,(0.371168, -0.050706, 4.500000),1,0.4191667,0.4388889,True
14:56:02.608,(0.371168, -0.050706, 4.500000),1,0.4191667,0.4388889,True
14:56:02.625,(0.417465, -0.077162, 4.500000),1,0.4319444,0.4277778,True
14:56:02.625,(0.417465, -0.077162, 4.500000),1,0.4319444,0.4277778,True
14:56:02.644,(0.443920, -0.103617, 4.500000),1,0.4319444,0.4277778,True
14:56:02.645,(0.443920, -0.103617, 4.500000),1,0.4319444,0.4277778,True
14:56:02.663,(0.476990, -0.143300, 4.500000),1,0.4261111,0.4222222,True
14:56:02.663,(0.476990, -0.143300, 4.500000),1,0.4261111,0.4222222,True
14:56:02.681,(0.496832, -0.196211, 4.500000),1,0.4311111,0.4166667,True
14:56:02.681,(0.496832, -0.196211, 4.500000),1,0.4311111,0.4166667,True
14:56:02.708,(0.510058, -0.249122, 4.500000),1,0.4311111,0.4166667,True
14:56:02.709,(0.510058, -0.249122, 4.500000),1,0.4311111,0.4166667,True
14:56:02.728,(0.503445, -0.328489, 4.500000),1,0.4311111,0.4166667,True
14:56:02.728,(0.503445, -0.328489, 4.500000),1,0.4311111,0.4166667,True
14:56:02.743,(0.470375, -0.394627, 4.500000),1,0.4311111,0.4166667,True
14:56:02.743,(0.470375, -0.394627, 4.500000),1,0.4311111,0.4166667,True
14:56:02.758,(0.437307, -0.434311, 4.500000),1,0.4355555,0.4111111,True
14:56:02.758,(0.437307, -0.434311, 4.500000),1,0.4355555,0.4111111,True
14:56:02.779,(0.397623, -0.473994, 4.500000),1,0.4355555,0.4111111,True
14:56:02.780,(0.397623, -0.473994, 4.500000),1,0.4355555,0.4111111,True
14:56:02.800,(0.291801, -0.540133, 4.500000),1,0.4452778,0.4166667,True
14:56:02.800,(0.291801, -0.540133, 4.500000),1,0.4452778,0.4166667,True
14:56:02.824,(0.212434, -0.566588, 4.500000),1,0.4413889,0.4222222,True
14:56:02.825,(0.212434, -0.566588, 4.500000),1,0.4413889,0.4222222,True
14:56:02.845,(0.133069, -0.579816, 4.500000),1,0.4413889,0.4222222,True
14:56:02.845,(0.133069, -0.579816, 4.500000),1,0.4413889,0.4222222,True
14:56:02.863,(0.027247, -0.566588, 4.500000),1,0.4369445,0.4277778,True
14:56:02.863,(0.027247, -0.566588, 4.500000),1,0.4369445,0.4277778,True
14:56:02.877,(-0.025665, -0.553360, 4.500000),1,0.4486111,0.4277778,True
14:56:02.878,(-0.025665, -0.553360, 4.500000),1,0.4486111,0.4277778,True
14:56:02.903,(-0.098417, -0.513677, 4.500000),1,0.4486111,0.4277778,True
14:56:02.903,(-0.098417, -0.513677, 4.500000),1,0.4486111,0.4277778,True
14:56:02.917,(-0.157942, -0.460766, 4.500000),1,0.4575,0.4333333,True
14:56:02.917,(-0.157942, -0.460766, 4.500000),1,0.4575,0.4333333,True
14:56:02.945,(-0.191012, -0.421083, 4.500000),1,0.4575,0.4333333,True
14:56:02.946,(-0.191012, -0.421083, 4.500000),1,0.4575,0.4333333,True
14:56:02.966,(-0.230694, -0.328489, 4.500000),1,0.4536111,0.4388889,True
14:56:02.967,(-0.230694, -0.328489, 4.500000),1,0.4536111,0.4388889,True
14:56:02.983,(-0.224080, -0.169756, 4.500000),1,0.4536111,0.4388889,True
14:56:02.984,(-0.224080, -0.169756, 4.500000),1,0.4536111,0.4388889,True
14:56:03.333,(-0.197625, -0.077162, 4.500000),0,0.465,0.4444444,True
14:56:03.334,(-0.197625, -0.077162, 4.500000),0,0.465,0.4444444,True
14:56:03.355,(0.298414, 0.167551, 4.500000),0,0.465,0.4444444,True
14:56:03.355,(0.298414, 0.167551, 4.500000),0,0.465,0.4444444,True
14:56:03.366,(0.291801, 0.180779, 4.500000),0,0.465,0.4444444,True
14:56:03.367,(0.291801, 0.180779, 4.500000),0,0.465,0.4444444,True
14:56:04.027,(0.291801, 0.187393, 4.500000),0,0.4191667,0.4388889,True
14:56:04.027,(0.291801, 0.187393, 4.500000),0,0.4191667,0.4388889,True
14:56:04.042,(0.291801, 0.187393, 4.500000),0,0.4191667,0.4388889,True
14:56:04.042,(0.291801, 0.187393, 4.500000),0,0.4191667,0.4388889,True
14:56:04.060,(0.291801, 0.187393, 4.500000),0,0.4191667,0.4388889,True
14:56:04.061,(0.291801, 0.187393, 4.500000),0,0.4191667,0.4388889,True
