15:32:26.713,(-1.004518, -0.526905, 4.500000),0,0.5,0.4111111,True
15:32:26.713,(-1.004518, -0.526905, 4.500000),0,0.5,0.4111111,True
15:32:26.738,(-0.713507, 0.359353, 4.500000),0,0.5,0.4,True
15:32:26.738,(-0.713507, 0.359353, 4.500000),0,0.5,0.4,True
15:32:26.753,(-0.713507, 0.365967, 4.500000),0,0.5,0.4,True
15:32:26.753,(-0.713507, 0.365967, 4.500000),0,0.5,0.4,True
15:32:26.777,(-0.720120, 0.372581, 4.500000),0,0.5,0.3944444,True
15:32:26.777,(-0.720120, 0.372581, 4.500000),0,0.5,0.3944444,True
15:32:26.793,(-0.713507, 0.385809, 4.500000),0,0.5,0.3944444,True
15:32:26.793,(-0.713507, 0.385809, 4.500000),0,0.5,0.3944444,True
15:32:26.820,(-0.713507, 0.399037, 4.500000),0.0528629,0.5,0.3777778,True
15:32:26.820,(-0.713507, 0.399037, 4.500000),0.0528629,0.5,0.3777778,True
15:32:26.844,(-0.700278, 0.418878, 4.500000),0.05261873,0.5,0.3722222,True
15:32:26.844,(-0.700278, 0.418878, 4.500000),0.05261873,0.5,0.3722222,True
15:32:26.860,(-0.673823, 0.445334, 4.500000),0.05408375,0.5,0.3666667,True
15:32:26.861,(-0.673823, 0.445334, 4.500000),0.05408375,0.5,0.3666667,True
15:32:26.876,(-0.647368, 0.451948, 4.500000),0.05408375,0.5,0.3666667,True
15:32:26.876,(-0.647368, 0.451948, 4.500000),0.05408375,0.5,0.3666667,True
15:32:26.910,(-0.614298, 0.465175, 4.500000),0.09205225,0.5,0.3555556,True
15:32:26.910,(-0.614298, 0.465175, 4.500000),0.09205225,0.5,0.3555556,True
15:32:26.924,(-0.568001, 0.471789, 4.500000),0.09791234,0.5,0.35,True
15:32:26.924,(-0.568001, 0.471789, 4.500000),0.09791234,0.5,0.35,True
15:32:26.949,(-0.528318, 0.471789, 4.500000),0.09705774,0.5,0.35,True
15:32:26.950,(-0.528318, 0.471789, 4.500000),0.09705774,0.5,0.35,True
15:32:26.976,(-0.488636, 0.465175, 4.500000),0.09705774,0.5,0.35,True
15:32:26.977,(-0.488636, 0.465175, 4.500000),0.09705774,0.5,0.35,True
15:32:26.995,(-0.396041, 0.438720, 4.500000),0.1008424,0.5,0.3388889,True
15:32:26.995,(-0.396041, 0.438720, 4.500000),0.1008424,0.5,0.3388889,True
15:32:27.008,(-0.356357, 0.432106, 4.500000),0.1005982,0.5,0.3388889,True
15:32:27.009,(-0.356357, 0.432106, 4.500000),0.1005982,0.5,0.3388889,True
15:32:27.026,(-0.290219, 0.412264, 4.500000),0.1008424,0.5,0.3388889,True
15:32:27.026,(-0.290219, 0.412264, 4.500000),0.1008424,0.5,0.3388889,True
15:32:27.040,(-0.237309, 0.405650, 4.500000),0.1018191,0.5,0.3333333,True
15:32:27.041,(-0.237309, 0.405650, 4.500000),0.1018191,0.5,0.3333333,True
15:32:27.072,(-0.197625, 0.399037, 4.500000),0.1499206,0.5,0.3333333,True
15:32:27.073,(-0.197625, 0.399037, 4.500000),0.1499206,0.5,0.3333333,True
15:32:27.100,(-0.105032, 0.399037, 4.500000),0.1499206,0.5,0.3333333,True
15:32:27.100,(-0.105032, 0.399037, 4.500000),0.1499206,0.5,0.3333333,True
15:32:27.120,(0.007405, 0.405650, 4.500000),0.1786107,0.5,0.3388889,True
15:32:27.121,(0.007405, 0.405650, 4.500000),0.1786107,0.5,0.3388889,True
15:32:27.135,(0.066929, 0.418878, 4.500000),0.1852033,0.5,0.3388889,True
15:32:27.135,(0.066929, 0.418878, 4.500000),0.1852033,0.5,0.3388889,True
15:32:27.161,(0.106612, 0.425492, 4.500000),0.2400195,0.5,0.3388889,True
15:32:27.162,(0.106612, 0.425492, 4.500000),0.2400195,0.5,0.3388889,True
15:32:27.181,(0.152911, 0.438720, 4.500000),0.2400195,0.5,0.3388889,True
15:32:27.182,(0.152911, 0.438720, 4.500000),0.2400195,0.5,0.3388889,True
15:32:27.204,(0.199208, 0.458562, 4.500000),0.2400195,0.5,0.3388889,True
15:32:27.204,(0.199208, 0.458562, 4.500000),0.2400195,0.5,0.3388889,True
15:32:27.235,(0.212434, 0.465175, 4.500000),0.2400195,0.5,0.3388889,True
15:32:27.235,(0.212434, 0.465175, 4.500000),0.2400195,0.5,0.3388889,True
15:32:27.255,(0.225663, 0.465175, 4.500000),0.2400195,0.5,0.3388889,True
15:32:27.256,(0.225663, 0.465175, 4.500000),0.2400195,0.5,0.3388889,True
15:32:27.272,(0.225663, 0.465175, 4.500000),0.3641802,0.5,0.3444445,True
15:32:27.272,(0.225663, 0.465175, 4.500000),0.3641802,0.5,0.3444445,True
15:32:27.292,(0.212434, 0.451948, 4.500000),0.413991,0.5,0.3444445,True
15:32:27.293,(0.212434, 0.451948, 4.500000),0.413991,0.5,0.3444445,True
15:32:27.307,(0.185979, 0.432106, 4.500000),0.4196069,0.5,0.3444445,True
15:32:27.308,(0.185979, 0.432106, 4.500000),0.4196069,0.5,0.3444445,True
15:32:27.330,(0.159524, 0.418878, 4.500000),0.4229032,0.5,0.3388889,True
15:32:27.332,(0.159524, 0.418878, 4.500000),0.4229032,0.5,0.3388889,True
15:32:27.369,(0.119841, 0.399037, 4.500000),0.4380417,0.5,0.3388889,True
15:32:27.369,(0.119841, 0.399037, 4.500000),0.4380417,0.5,0.3388889,True
15:32:27.386,(-0.005823, 0.332898, 4.500000),0.4496399,0.5,0.3388889,True
15:32:27.387,(-0.005823, 0.332898, 4.500000),0.4496399,0.5,0.3388889,True
15:32:27.412,(-0.078575, 0.293215, 4.500000),0.454157,0.5,0.3388889,True
15:32:27.413,(-0.078575, 0.293215, 4.500000),0.454157,0.5,0.3388889,True
15:32:27.430,(-0.151329, 0.246918, 4.500000),0.454157,0.5,0.3388889,True
15:32:27.430,(-0.151329, 0.246918, 4.500000),0.454157,0.5,0.3388889,True
15:32:27.454,(-0.237309, 0.194007, 4.500000),0.4691735,0.5,0.3333333,True
15:32:27.454,(-0.237309, 0.194007, 4.500000),0.4691735,0.5,0.3333333,True
15:32:27.468,(-0.369586, 0.108026, 4.500000),0.5260652,0.5,0.3333333,True
15:32:27.468,(-0.369586, 0.108026, 4.500000),0.5260652,0.5,0.3333333,True
15:32:27.492,(-0.448953, 0.061729, 4.500000),0.5260652,0.5,0.3333333,True
15:32:27.493,(-0.448953, 0.061729, 4.500000),0.5260652,0.5,0.3333333,True
15:32:27.531,(-0.554775, -0.017637, 4.500000),0.6457087,0.5,0.3333333,True
15:32:27.532,(-0.554775, -0.017637, 4.500000),0.6457087,0.5,0.3333333,True
15:32:27.546,(-0.753190, -0.209439, 4.500000),0.6814797,0.5,0.3333333,True
15:32:27.546,(-0.753190, -0.209439, 4.500000),0.6814797,0.5,0.3333333,True
15:32:27.567,(-0.839171, -0.315261, 4.500000),0.7161519,0.5,0.3333333,True
15:32:27.567,(-0.839171, -0.315261, 4.500000),0.7161519,0.5,0.3333333,True
15:32:27.583,(-0.898696, -0.434311, 4.500000),0.7275058,0.5,0.3333333,True
15:32:27.583,(-0.898696, -0.434311, 4.500000),0.7275058,0.5,0.3333333,True
15:32:27.599,(-0.951606, -0.553360, 4.500000),0.7988036,0.5,0.3333333,True
15:32:27.600,(-0.951606, -0.553360, 4.500000),0.7988036,0.5,0.3333333,True
15:32:27.612,(-0.964834, -0.632727, 4.500000),0.9940178,0.5,0.3333333,True
15:32:27.612,(-0.964834, -0.632727, 4.500000),0.9940178,0.5,0.3333333,True
15:32:27.636,(-0.971448, -0.712093, 4.500000),1,0.5,0.3333333,True
15:32:27.637,(-0.971448, -0.712093, 4.500000),1,0.5,0.3333333,True
15:32:27.665,(-0.958219, -0.817915, 4.500000),1,0.5,0.3388889,True
15:32:27.665,(-0.958219, -0.817915, 4.500000),1,0.5,0.3388889,True
15:32:27.682,(-0.885467, -0.983262, 4.500000),1,0.5,0.3388889,True
15:32:27.683,(-0.885467, -0.983262, 4.500000),1,0.5,0.3388889,True
15:32:27.696,(-0.819329, -1.062628, 4.500000),1,0.4944444,0.3333333,True
15:32:27.696,(-0.819329, -1.062628, 4.500000),1,0.4944444,0.3333333,True
15:32:27.715,(-0.759804, -1.095697, 4.500000),1,0.4941667,0.3388889,True
15:32:27.716,(-0.759804, -1.095697, 4.500000),1,0.4941667,0.3388889,True
15:32:27.735,(-0.687052, -1.122153, 4.500000),1,0.4941667,0.3388889,True
15:32:27.735,(-0.687052, -1.122153, 4.500000),1,0.4941667,0.3388889,True
15:32:27.761,(-0.508476, -1.135381, 4.500000),1,0.4938889,0.3444445,True
15:32:27.762,(-0.508476, -1.135381, 4.500000),1,0.4938889,0.3444445,True
15:32:27.788,(-0.356357, -1.102311, 4.500000),1,0.4936111,0.35,True
15:32:27.788,(-0.356357, -1.102311, 4.500000),1,0.4936111,0.35,True
15:32:27.809,(-0.078575, -0.983262, 4.500000),1,0.4936111,0.35,True
15:32:27.809,(-0.078575, -0.983262, 4.500000),1,0.4936111,0.35,True
15:32:27.830,(0.080157, -0.864212, 4.500000),1,0.4936111,0.35,True
15:32:27.831,(0.080157, -0.864212, 4.500000),1,0.4936111,0.35,True
15:32:28.295,(0.232276, -0.712093, 4.500000),0,0,0.5,True
15:32:28.295,(0.232276, -0.712093, 4.500000),0,0,0.5,True
15:32:28.312,(-0.541546, 0.875235, 4.500000),0,0.5,0.4444444,True
15:32:28.313,(-0.541546, 0.875235, 4.500000),0,0.5,0.4444444,True
15:32:28.337,(-0.541546, 0.888463, 4.500000),0,0.5,0.4333333,True
15:32:28.338,(-0.541546, 0.888463, 4.500000),0,0.5,0.4333333,True
15:32:29.573,(-0.548160, 0.888463, 4.500000),0,0.5,0.3944444,True
15:32:29.573,(-0.548160, 0.888463, 4.500000),0,0.5,0.3944444,True
