15:44:39.940,(-1.560082, -0.712093, 4.500000),0,0.5,0.4055555,True
15:44:39.940,(-1.560082, -0.712093, 4.500000),0,0.5,0.4055555,True
15:44:39.967,(-0.832557, 0.385809, 4.500000),0,0.5,0.3944444,True
15:44:39.967,(-0.832557, 0.385809, 4.500000),0,0.5,0.3944444,True
15:44:39.980,(-0.832557, 0.399037, 4.500000),0,0.5,0.3944444,True
15:44:39.980,(-0.832557, 0.399037, 4.500000),0,0.5,0.3944444,True
15:44:40.002,(-0.832557, 0.412264, 4.500000),0,0.5,0.3944444,True
15:44:40.002,(-0.832557, 0.412264, 4.500000),0,0.5,0.3944444,True
15:44:40.020,(-0.819329, 0.418878, 4.500000),0,0.5,0.3722222,True
15:44:40.021,(-0.819329, 0.418878, 4.500000),0,0.5,0.3722222,True
15:44:40.049,(-0.806100, 0.432106, 4.500000),0.03174216,0.5,0.3666667,True
15:44:40.050,(-0.806100, 0.432106, 4.500000),0.03174216,0.5,0.3666667,True
15:44:40.069,(-0.779645, 0.451948, 4.500000),0.03174216,0.5,0.3666667,True
15:44:40.069,(-0.779645, 0.451948, 4.500000),0.03174216,0.5,0.3666667,True
15:44:40.086,(-0.759804, 0.465175, 4.500000),0.03174216,0.5,0.3666667,True
15:44:40.086,(-0.759804, 0.465175, 4.500000),0.03174216,0.5,0.3666667,True
15:44:40.101,(-0.726735, 0.471789, 4.500000),0.03955561,0.5,0.3388889,True
15:44:40.101,(-0.726735, 0.471789, 4.500000),0.03955561,0.5,0.3388889,True
15:44:40.126,(-0.700278, 0.471789, 4.500000),0.042974,0.5,0.3333333,True
15:44:40.127,(-0.700278, 0.471789, 4.500000),0.042974,0.5,0.3333333,True
15:44:40.143,(-0.634140, 0.465175, 4.500000),0.04492736,0.5,0.3333333,True
15:44:40.144,(-0.634140, 0.465175, 4.500000),0.04492736,0.5,0.3333333,True
15:44:40.173,(-0.574616, 0.451948, 4.500000),0.04675864,0.5,0.3277778,True
15:44:40.174,(-0.574616, 0.451948, 4.500000),0.04675864,0.5,0.3277778,True
15:44:40.197,(-0.508476, 0.451948, 4.500000),0.04724698,0.5,0.3277778,True
15:44:40.198,(-0.508476, 0.451948, 4.500000),0.04724698,0.5,0.3277778,True
15:44:40.213,(-0.409269, 0.465175, 4.500000),0.0462703,0.5,0.3277778,True
15:44:40.214,(-0.409269, 0.465175, 4.500000),0.0462703,0.5,0.3277778,True
15:44:40.226,(-0.329902, 0.478403, 4.500000),0.0462703,0.5,0.3277778,True
15:44:40.226,(-0.329902, 0.478403, 4.500000),0.04883409,0.5,0.3277778,True
15:44:40.250,(-0.276992, 0.485017, 4.500000),0.04773532,0.5,0.3277778,True
15:44:40.250,(-0.276992, 0.485017, 4.500000),0.04773532,0.5,0.3277778,True
15:44:40.268,(-0.204239, 0.504859, 4.500000),0.04773532,0.5,0.3277778,True
15:44:40.268,(-0.204239, 0.504859, 4.500000),0.04773532,0.5,0.3277778,True
15:44:40.295,(-0.131487, 0.518086, 4.500000),0.06177512,0.5,0.3222222,True
15:44:40.296,(-0.131487, 0.518086, 4.500000),0.06177512,0.5,0.3222222,True
15:44:40.318,(-0.045507, 0.531314, 4.500000),0.06421682,0.5,0.3222222,True
15:44:40.318,(-0.045507, 0.531314, 4.500000),0.06421682,0.5,0.3222222,True
15:44:40.333,(0.007405, 0.544542, 4.500000),0.06421682,0.5,0.3222222,True
15:44:40.333,(0.007405, 0.544542, 4.500000),0.06726895,0.5,0.3222222,True
15:44:40.351,(0.040474, 0.544542, 4.500000),0.06726895,0.5,0.3222222,True
15:44:40.352,(0.040474, 0.544542, 4.500000),0.06726895,0.5,0.3222222,True
15:44:40.369,(0.053702, 0.531314, 4.500000),0.06775729,0.5,0.3222222,True
15:44:40.369,(0.053702, 0.531314, 4.500000),0.06775729,0.5,0.3222222,True
15:44:40.390,(0.053702, 0.531314, 4.500000),0.06751312,0.5,0.3222222,True
15:44:40.391,(0.053702, 0.531314, 4.500000),0.06751312,0.5,0.3222222,True
15:44:40.416,(0.040474, 0.511472, 4.500000),0.06726895,0.5,0.3222222,True
15:44:40.417,(0.040474, 0.511472, 4.500000),0.06726895,0.5,0.3222222,True
15:44:40.437,(-0.019052, 0.478403, 4.500000),0.06531559,0.5,0.3166667,True
15:44:40.437,(-0.019052, 0.478403, 4.500000),0.06531559,0.5,0.3166667,True
15:44:40.455,(-0.085190, 0.445334, 4.500000),0.06531559,0.5,0.3166667,True
15:44:40.455,(-0.085190, 0.445334, 4.500000),0.06531559,0.5,0.3166667,True
15:44:40.471,(-0.171170, 0.405650, 4.500000),0.06641436,0.5,0.3166667,True
15:44:40.472,(-0.171170, 0.405650, 4.500000),0.06641436,0.5,0.3166667,True
15:44:40.495,(-0.237309, 0.372581, 4.500000),0.06568184,0.5,0.3166667,True
15:44:40.495,(-0.237309, 0.372581, 4.500000),0.06568184,0.5,0.3166667,True
15:44:40.512,(-0.382814, 0.306443, 4.500000),0.06568184,0.5,0.3166667,True
15:44:40.512,(-0.382814, 0.306443, 4.500000),0.06568184,0.5,0.3166667,True
15:44:40.543,(-0.462179, 0.273373, 4.500000),0.06800146,0.5,0.3222222,True
15:44:40.543,(-0.462179, 0.273373, 4.500000),0.06800146,0.5,0.3222222,True
15:44:40.564,(-0.673823, 0.167551, 4.500000),0.06983274,0.5,0.3222222,True
15:44:40.564,(-0.673823, 0.167551, 4.500000),0.06983274,0.5,0.3222222,True
15:44:40.580,(-0.799487, 0.088185, 4.500000),0.07532658,0.5,0.3222222,True
15:44:40.581,(-0.799487, 0.088185, 4.500000),0.07532658,0.5,0.3222222,True
15:44:40.596,(-0.918537, 0.002205, 4.500000),0.07532658,0.5,0.3222222,True
15:44:40.596,(-0.918537, 0.002205, 4.500000),0.07532658,0.5,0.3222222,True
15:44:40.621,(-0.991289, -0.063934, 4.500000),0.07532658,0.5,0.3222222,True
15:44:40.622,(-0.991289, -0.063934, 4.500000),0.07532658,0.5,0.3222222,True
15:44:40.636,(-1.123566, -0.209439, 4.500000),0.07532658,0.5,0.3222222,True
15:44:40.636,(-1.123566, -0.209439, 4.500000),0.07532658,0.5,0.3222222,True
15:44:40.663,(-1.176478, -0.282192, 4.500000),0.07935539,0.5,0.3277778,True
15:44:40.664,(-1.176478, -0.282192, 4.500000),0.07935539,0.5,0.3277778,True
15:44:40.686,(-1.255843, -0.447538, 4.500000),0.07935539,0.5,0.3277778,True
15:44:40.686,(-1.255843, -0.447538, 4.500000),0.07935539,0.5,0.3277778,True
15:44:40.704,(-1.288913, -0.566588, 4.500000),0.07935539,0.5,0.3277778,True
15:44:40.704,(-1.288913, -0.566588, 4.500000),0.07837871,0.5,0.3333333,True
15:44:40.718,(-1.295527, -0.692251, 4.500000),0.07837871,0.5,0.3333333,True
15:44:40.719,(-1.295527, -0.692251, 4.500000),0.07837871,0.5,0.3333333,True
15:44:40.743,(-1.288913, -0.765004, 4.500000),0.07630326,0.5,0.3333333,True
15:44:40.744,(-1.288913, -0.765004, 4.500000),0.07630326,0.5,0.3333333,True
15:44:40.759,(-1.236001, -0.897281, 4.500000),0.07630326,0.5,0.3333333,True
15:44:40.760,(-1.236001, -0.897281, 4.500000),0.07630326,0.5,0.3333333,True
15:44:40.789,(-1.163249, -0.963420, 4.500000),0.08118667,0.5,0.3388889,True
15:44:40.790,(-1.163249, -0.963420, 4.500000),0.08118667,0.5,0.3388889,True
15:44:40.809,(-1.057428, -1.003103, 4.500000),0.07947747,0.5,0.3388889,True
15:44:40.809,(-1.057428, -1.003103, 4.500000),0.07947747,0.5,0.3388889,True
15:44:40.825,(-0.898696, -1.003103, 4.500000),0.0833842,0.5,0.3444445,True
15:44:40.825,(-0.898696, -1.003103, 4.500000),0.0833842,0.5,0.3444445,True
15:44:40.844,(-0.812715, -0.976648, 4.500000),0.1165914,0.5,0.35,True
15:44:40.844,(-0.812715, -0.976648, 4.500000),0.1165914,0.5,0.35,True
15:44:40.868,(-0.673823, -0.917123, 4.500000),0.2016848,0.5,0.35,True
15:44:40.868,(-0.673823, -0.917123, 4.500000),0.2016848,0.5,0.35,True
15:44:40.887,(-0.488636, -0.784845, 4.500000),0.2113295,0.5,0.35,True
15:44:40.887,(-0.488636, -0.784845, 4.500000),0.2113295,0.5,0.35,True
15:44:41.224,(-0.396041, -0.698865, 4.500000),0,0,0.5,True
15:44:41.224,(-0.396041, -0.698865, 4.500000),0,0,0.5,True
15:44:41.239,(-0.792874, 0.696661, 4.500000),0,0,0.5,True
15:44:41.240,(-0.792874, 0.696661, 4.500000),0,0,0.5,True
15:44:41.998,(-0.792874, 0.703274, 4.500000),0,0.5,0.3611111,True
15:44:41.998,(-0.792874, 0.703274, 4.500000),0,0.5,0.3611111,True
15:44:42.017,(-0.792874, 0.703274, 4.500000),0,0.5,0.3611111,True
15:44:42.017,(-0.792874, 0.703274, 4.500000),0,0.5,0.3611111,True
