15:32:31.230,(-0.548160, 0.888463, 4.500000),0,0.5,0.4166667,True
15:32:31.231,(-0.548160, 0.888463, 4.500000),0,0.5,0.4166667,True
15:32:31.253,(0.490217, 0.094799, 4.500000),0,0.5,0.4111111,True
15:32:31.255,(0.490217, 0.094799, 4.500000),0,0.5,0.4111111,True
15:32:31.267,(0.490217, 0.094799, 4.500000),0,0.5,0.4111111,True
15:32:31.267,(0.490217, 0.094799, 4.500000),0,0.5,0.4111111,True
15:32:31.295,(0.490217, 0.088185, 4.500000),0,0.5,0.4,True
15:32:31.295,(0.490217, 0.088185, 4.500000),0,0.5,0.4,True
15:32:31.319,(0.490217, 0.074957, 4.500000),0.09705774,0.5,0.3944444,True
15:32:31.320,(0.490217, 0.074957, 4.500000),0.09705774,0.5,0.3944444,True
15:32:31.336,(0.496832, 0.055116, 4.500000),0.09193017,0.5,0.3888889,True
15:32:31.337,(0.496832, 0.055116, 4.500000),0.09193017,0.5,0.3888889,True
15:32:31.348,(0.503445, 0.028660, 4.500000),0.09193017,0.5,0.3888889,True
15:32:31.348,(0.503445, 0.028660, 4.500000),0.09193017,0.5,0.3888889,True
15:32:31.374,(0.503445, 0.015432, 4.500000),0.0899768,0.5,0.3777778,True
15:32:31.374,(0.503445, 0.015432, 4.500000),0.0899768,0.5,0.3777778,True
15:32:31.389,(0.516673, -0.024251, 4.500000),0.09046514,0.5,0.3666667,True
15:32:31.389,(0.516673, -0.024251, 4.500000),0.09046514,0.5,0.3666667,True
15:32:31.418,(0.529900, -0.063934, 4.500000),0.09131974,0.5,0.3555556,True
15:32:31.418,(0.529900, -0.063934, 4.500000),0.09131974,0.5,0.3555556,True
15:32:31.439,(0.536513, -0.097003, 4.500000),0.09107557,0.5,0.35,True
15:32:31.439,(0.536513, -0.097003, 4.500000),0.09107557,0.5,0.35,True
15:32:31.457,(0.543128, -0.136687, 4.500000),0.09290685,0.5,0.3444445,True
15:32:31.457,(0.543128, -0.136687, 4.500000),0.09290685,0.5,0.3444445,True
15:32:31.472,(0.536513, -0.163142, 4.500000),0.09595898,0.5,0.3388889,True
15:32:31.472,(0.536513, -0.163142, 4.500000),0.09595898,0.5,0.3388889,True
15:32:31.497,(0.529900, -0.176370, 4.500000),0.09595898,0.5,0.3388889,True
15:32:31.498,(0.529900, -0.176370, 4.500000),0.09595898,0.5,0.3388889,True
15:32:31.514,(0.510058, -0.196211, 4.500000),0.09949945,0.5,0.3333333,True
15:32:31.514,(0.510058, -0.196211, 4.500000),0.09949945,0.5,0.3333333,True
15:32:31.536,(0.490217, -0.209439, 4.500000),0.09913319,0.5,0.3333333,True
15:32:31.537,(0.490217, -0.209439, 4.500000),0.09913319,0.5,0.3333333,True
15:32:31.559,(0.450533, -0.222667, 4.500000),0.09974362,0.5,0.3333333,True
15:32:31.559,(0.450533, -0.222667, 4.500000),0.09974362,0.5,0.3333333,True
15:32:31.577,(0.384395, -0.222667, 4.500000),0.1023074,0.5,0.3388889,True
15:32:31.577,(0.384395, -0.222667, 4.500000),0.1023074,0.5,0.3388889,True
15:32:31.598,(0.338098, -0.222667, 4.500000),0.1053595,0.5,0.3388889,True
15:32:31.598,(0.338098, -0.222667, 4.500000),0.1053595,0.5,0.3388889,True
15:32:31.620,(0.298414, -0.209439, 4.500000),0.1081675,0.5,0.3444445,True
15:32:31.621,(0.298414, -0.209439, 4.500000),0.1081675,0.5,0.3444445,True
15:32:31.637,(0.258731, -0.196211, 4.500000),0.1081675,0.5,0.3444445,True
15:32:31.637,(0.258731, -0.196211, 4.500000),0.1081675,0.5,0.3444445,True
15:32:31.664,(0.232276, -0.182984, 4.500000),0.1244048,0.5,0.3444445,True
15:32:31.665,(0.232276, -0.182984, 4.500000),0.1244048,0.5,0.3444445,True
15:32:31.685,(0.185979, -0.143300, 4.500000),0.1281895,0.5,0.3444445,True
15:32:31.686,(0.185979, -0.143300, 4.500000),0.1281895,0.5,0.3444445,True
15:32:31.705,(0.139682, -0.083776, 4.500000),0.1390551,0.5,0.3444445,True
15:32:31.706,(0.139682, -0.083776, 4.500000),0.1390551,0.5,0.3444445,True
15:32:31.719,(0.119841, -0.037479, 4.500000),0.1809303,0.5,0.35,True
15:32:31.719,(0.119841, -0.037479, 4.500000),0.1809303,0.5,0.35,True
15:32:31.743,(0.106612, -0.017637, 4.500000),0.1809303,0.5,0.35,True
15:32:31.743,(0.106612, -0.017637, 4.500000),0.1809303,0.5,0.35,True
15:32:31.760,(0.099999, 0.015432, 4.500000),0.3083872,0.5,0.3444445,True
15:32:31.761,(0.099999, 0.015432, 4.500000),0.3083872,0.5,0.3444445,True
15:32:31.790,(0.099999, 0.028660, 4.500000),0.4012941,0.5,0.3444445,True
15:32:31.790,(0.099999, 0.028660, 4.500000),0.4012941,0.5,0.3444445,True
15:32:31.811,(0.099999, 0.035274, 4.500000),0.4775974,0.5,0.3444445,True
15:32:31.811,(0.099999, 0.035274, 4.500000),0.4775974,0.5,0.3444445,True
15:32:31.832,(0.099999, 0.028660, 4.500000),0.5101941,0.5,0.3444445,True
15:32:31.832,(0.099999, 0.028660, 4.500000),0.5101941,0.5,0.3444445,True
15:32:31.845,(0.099999, 0.002205, 4.500000),0.5101941,0.5,0.3444445,True
15:32:31.845,(0.099999, 0.002205, 4.500000),0.5101941,0.5,0.3444445,True
15:32:31.866,(0.099999, 0.002205, 4.500000),0.525699,0.5,0.3444445,True
15:32:31.866,(0.099999, 0.002205, 4.500000),0.525699,0.5,0.3444445,True
15:32:31.882,(0.099999, -0.044092, 4.500000),0.5167867,0.5,0.3388889,True
15:32:31.883,(0.099999, -0.044092, 4.500000),0.5167867,0.5,0.3388889,True
15:32:31.911,(0.093386, -0.063934, 4.500000),0.5150775,0.5,0.3388889,True
15:32:31.912,(0.093386, -0.063934, 4.500000),0.5150775,0.5,0.3388889,True
15:32:31.934,(0.080157, -0.103617, 4.500000),0.5150775,0.5,0.3388889,True
15:32:31.935,(0.080157, -0.103617, 4.500000),0.5150775,0.5,0.3388889,True
15:32:31.952,(0.066929, -0.143300, 4.500000),0.5150775,0.5,0.3388889,True
15:32:31.952,(0.066929, -0.143300, 4.500000),0.5150775,0.5,0.3388889,True
15:32:31.965,(0.047089, -0.163142, 4.500000),0.5151996,0.5,0.3388889,True
15:32:31.965,(0.047089, -0.163142, 4.500000),0.5151996,0.5,0.3388889,True
15:32:31.991,(0.040474, -0.169756, 4.500000),0.5173972,0.5,0.3388889,True
15:32:31.991,(0.040474, -0.169756, 4.500000),0.5173972,0.5,0.3388889,True
15:32:32.008,(0.000790, -0.196211, 4.500000),0.5173972,0.5,0.3388889,True
15:32:32.008,(0.000790, -0.196211, 4.500000),0.5173972,0.5,0.3388889,True
15:32:32.036,(-0.032278, -0.202825, 4.500000),0.518618,0.5,0.3333333,True
15:32:32.037,(-0.032278, -0.202825, 4.500000),0.518618,0.5,0.3333333,True
15:32:32.059,(-0.085190, -0.202825, 4.500000),0.5217922,0.5,0.3333333,True
15:32:32.060,(-0.085190, -0.202825, 4.500000),0.5217922,0.5,0.3333333,True
15:32:32.074,(-0.131487, -0.196211, 4.500000),0.5220364,0.5,0.3388889,True
15:32:32.074,(-0.131487, -0.196211, 4.500000),0.5220364,0.5,0.3388889,True
15:32:32.088,(-0.151329, -0.182984, 4.500000),0.5220364,0.5,0.3388889,True
15:32:32.088,(-0.151329, -0.182984, 4.500000),0.5220364,0.5,0.3388889,True
15:32:32.114,(-0.171170, -0.163142, 4.500000),0.5239897,0.5,0.3388889,True
15:32:32.114,(-0.171170, -0.163142, 4.500000),0.5239897,0.5,0.3388889,True
15:32:32.129,(-0.210854, -0.130073, 4.500000),0.527164,0.5,0.3444445,True
15:32:32.129,(-0.210854, -0.130073, 4.500000),0.527164,0.5,0.3444445,True
15:32:32.155,(-0.224080, -0.103617, 4.500000),0.5285069,0.5,0.3444445,True
15:32:32.155,(-0.224080, -0.103617, 4.500000),0.5285069,0.5,0.3444445,True
15:32:32.174,(-0.250535, -0.050706, 4.500000),0.5341228,0.5,0.3444445,True
15:32:32.174,(-0.250535, -0.050706, 4.500000),0.5341228,0.5,0.3444445,True
15:32:32.196,(-0.270377, -0.011023, 4.500000),0.5368087,0.5,0.3444445,True
15:32:32.196,(-0.270377, -0.011023, 4.500000),0.5368087,0.5,0.3444445,True
15:32:32.213,(-0.290219, 0.022046, 4.500000),0.5819802,0.5,0.3444445,True
15:32:32.213,(-0.290219, 0.022046, 4.500000),0.5819802,0.5,0.3444445,True
15:32:32.240,(-0.303447, 0.055116, 4.500000),0.6049322,0.5,0.3444445,True
15:32:32.240,(-0.303447, 0.055116, 4.500000),0.6049322,0.5,0.3444445,True
15:32:32.251,(-0.310061, 0.074957, 4.500000),0.6508363,0.5,0.3444445,True
15:32:32.251,(-0.310061, 0.074957, 4.500000),0.6508363,0.5,0.3444445,True
15:32:32.280,(-0.310061, 0.081571, 4.500000),0.8107679,0.5,0.3444445,True
15:32:32.280,(-0.310061, 0.081571, 4.500000),0.8107679,0.5,0.3444445,True
15:32:32.302,(-0.310061, 0.074957, 4.500000),0.8580149,0.5,0.3388889,True
15:32:32.303,(-0.310061, 0.074957, 4.500000),0.8580149,0.5,0.3388889,True
15:32:32.318,(-0.303447, 0.061729, 4.500000),0.8580149,0.5,0.3388889,True
15:32:32.318,(-0.303447, 0.061729, 4.500000),0.8580149,0.5,0.3388889,True
15:32:32.334,(-0.296834, 0.035274, 4.500000),0.8920767,0.5,0.3333333,True
15:32:32.334,(-0.296834, 0.035274, 4.500000),0.8920767,0.5,0.3333333,True
15:32:32.359,(-0.290219, 0.015432, 4.500000),0.8842632,0.5,0.3333333,True
15:32:32.359,(-0.290219, 0.015432, 4.500000),0.8842632,0.5,0.3333333,True
15:32:32.376,(-0.263764, -0.030865, 4.500000),0.8835307,0.5,0.3333333,True
15:32:32.377,(-0.263764, -0.030865, 4.500000),0.8835307,0.5,0.3333333,True
15:32:32.402,(-0.243922, -0.070548, 4.500000),0.8832865,0.5,0.3333333,True
15:32:32.403,(-0.243922, -0.070548, 4.500000),0.8832865,0.5,0.3333333,True
15:32:32.426,(-0.224080, -0.116845, 4.500000),0.8830423,0.5,0.3333333,True
15:32:32.427,(-0.224080, -0.116845, 4.500000),0.8830423,0.5,0.3333333,True
15:32:32.442,(-0.184397, -0.176370, 4.500000),0.8829203,0.5,0.3333333,True
15:32:32.443,(-0.184397, -0.176370, 4.500000),0.8829203,0.5,0.3333333,True
15:32:32.457,(-0.151329, -0.222667, 4.500000),0.8867049,0.5,0.3333333,True
15:32:32.457,(-0.151329, -0.222667, 4.500000),0.8867049,0.5,0.3333333,True
15:32:32.480,(-0.131487, -0.255736, 4.500000),0.8946404,0.5,0.3277778,True
15:32:32.480,(-0.131487, -0.255736, 4.500000),0.8946404,0.5,0.3277778,True
15:32:32.502,(-0.105032, -0.302033, 4.500000),0.8946404,0.5,0.3277778,True
15:32:32.502,(-0.105032, -0.302033, 4.500000),0.8946404,0.5,0.3277778,True
15:32:32.522,(-0.071962, -0.368172, 4.500000),0.9139299,0.5,0.3333333,True
15:32:32.522,(-0.071962, -0.368172, 4.500000),0.9139299,0.5,0.3333333,True
15:32:32.544,(-0.058733, -0.394627, 4.500000),0.9139299,0.5,0.3333333,True
15:32:32.544,(-0.058733, -0.394627, 4.500000),0.9139299,0.5,0.3333333,True
15:32:32.562,(-0.038891, -0.460766, 4.500000),0.9288243,0.5,0.3333333,True
15:32:32.562,(-0.038891, -0.460766, 4.500000),0.9288243,0.5,0.3333333,True
15:32:32.582,(-0.038891, -0.513677, 4.500000),0.9313881,0.5,0.3333333,True
15:32:32.583,(-0.038891, -0.513677, 4.500000),0.9313881,0.5,0.3333333,True
15:32:32.600,(-0.045507, -0.566588, 4.500000),0.9334636,0.5,0.3333333,True
15:32:32.601,(-0.045507, -0.566588, 4.500000),0.9334636,0.5,0.3333333,True
15:32:32.622,(-0.058733, -0.619499, 4.500000),0.9409108,0.5,0.3388889,True
15:32:32.622,(-0.058733, -0.619499, 4.500000),0.9409108,0.5,0.3388889,True
15:32:32.648,(-0.085190, -0.672410, 4.500000),0.9409108,0.5,0.3388889,True
15:32:32.649,(-0.085190, -0.672410, 4.500000),0.9409108,0.5,0.3388889,True
15:32:32.669,(-0.124874, -0.718707, 4.500000),0.9622757,0.5,0.3333333,True
15:32:32.669,(-0.124874, -0.718707, 4.500000),0.9622757,0.5,0.3333333,True
15:32:32.687,(-0.197625, -0.791459, 4.500000),0.9631302,0.5,0.3388889,True
15:32:32.687,(-0.197625, -0.791459, 4.500000),0.9631302,0.5,0.3388889,True
15:32:32.704,(-0.263764, -0.831143, 4.500000),0.9631302,0.5,0.3388889,True
15:32:32.704,(-0.263764, -0.831143, 4.500000),0.9631302,0.5,0.3388889,True
15:32:32.727,(-0.310061, -0.864212, 4.500000),0.9898669,0.5,0.3388889,True
15:32:32.727,(-0.310061, -0.864212, 4.500000),0.9898669,0.5,0.3388889,True
15:32:32.743,(-0.422496, -0.910509, 4.500000),0.9924307,0.5,0.3388889,True
15:32:32.744,(-0.422496, -0.910509, 4.500000),0.9924307,0.5,0.3388889,True
15:32:32.770,(-0.488636, -0.923737, 4.500000),0.9947503,0.5,0.3388889,True
15:32:32.771,(-0.488636, -0.923737, 4.500000),0.9947503,0.5,0.3388889,True
15:32:32.793,(-0.627526, -0.950192, 4.500000),0.998657,0.5,0.3444445,True
15:32:32.793,(-0.627526, -0.950192, 4.500000),0.998657,0.5,0.3444445,True
15:32:32.810,(-0.779645, -0.950192, 4.500000),0.998657,0.5,0.3444445,True
15:32:32.810,(-0.779645, -0.950192, 4.500000),0.998657,0.5,0.3444445,True
15:32:32.828,(-0.859012, -0.943579, 4.500000),0.998657,0.5,0.3444445,True
15:32:32.829,(-0.859012, -0.943579, 4.500000),0.998657,0.5,0.3444445,True
15:32:32.850,(-0.978061, -0.923737, 4.500000),0.998657,0.5,0.3444445,True
15:32:32.850,(-0.978061, -0.923737, 4.500000),0.998657,0.5,0.3444445,True
15:32:32.867,(-1.083883, -0.884054, 4.500000),1,0.5,0.35,True
15:32:32.867,(-1.083883, -0.884054, 4.500000),1,0.5,0.35,True
15:32:32.896,(-1.189705, -0.824529, 4.500000),1,0.5,0.35,True
15:32:32.897,(-1.189705, -0.824529, 4.500000),1,0.5,0.35,True
15:32:32.917,(-1.308755, -0.712093, 4.500000),1,0.5,0.35,True
15:32:32.917,(-1.308755, -0.712093, 4.500000),1,0.5,0.35,True
15:32:32.934,(-1.381507, -0.606271, 4.500000),1,0.5,0.35,True
15:32:32.934,(-1.381507, -0.606271, 4.500000),1,0.5,0.35,True
15:32:32.950,(-1.441032, -0.467380, 4.500000),1,0.5,0.3555556,True
15:32:32.950,(-1.441032, -0.467380, 4.500000),1,0.5,0.3555556,True
15:32:32.969,(-1.460874, -0.368172, 4.500000),1,0.5,0.3555556,True
15:32:32.970,(-1.460874, -0.368172, 4.500000),1,0.5,0.3555556,True
15:32:32.989,(-1.460874, -0.196211, 4.500000),1,0.5,0.35,True
15:32:32.989,(-1.460874, -0.196211, 4.500000),1,0.5,0.35,True
15:32:34.011,(-1.407962, -0.011023, 4.500000),0,0.5,0.35,False
15:32:34.012,(-1.407962, -0.011023, 4.500000),0,0.5,0.35,False
15:32:34.030,(-1.407962, -0.011023, 4.500000),0,0.5,0.4555556,False
15:32:34.030,(-1.407962, -0.011023, 4.500000),0,0.5,0.4555556,False
