15:30:38.269,(-0.706893, 0.438720, 4.500000),0,0.5,0.4277778,True
15:30:38.269,(-0.706893, 0.438720, 4.500000),0,0.5,0.4277778,True
15:30:38.292,(0.199208, 0.108026, 4.500000),0,0.5,0.4111111,True
15:30:38.293,(0.199208, 0.108026, 4.500000),0,0.5,0.4111111,True
15:30:38.306,(0.192592, 0.127868, 4.500000),0,0.5,0.4055555,True
15:30:38.306,(0.192592, 0.127868, 4.500000),0,0.5,0.4055555,True
15:30:38.331,(0.192592, 0.141096, 4.500000),0,0.5,0.3944444,True
15:30:38.332,(0.192592, 0.141096, 4.500000),0,0.5,0.3944444,True
15:30:38.348,(0.185979, 0.147710, 4.500000),0,0.5,0.3944444,True
15:30:38.348,(0.185979, 0.147710, 4.500000),0,0.5,0.3944444,True
15:30:38.374,(0.185979, 0.154324, 4.500000),0.06702478,0.5,0.3777778,True
15:30:38.375,(0.185979, 0.154324, 4.500000),0.06702478,0.5,0.3777778,True
15:30:38.401,(0.185979, 0.154324, 4.500000),0.070199,0.5,0.3777778,True
15:30:38.401,(0.185979, 0.154324, 4.500000),0.070199,0.5,0.3777778,True
15:30:38.418,(0.199208, 0.134482, 4.500000),0.070199,0.5,0.3777778,True
15:30:38.418,(0.199208, 0.134482, 4.500000),0.070199,0.5,0.3777778,True
15:30:38.432,(0.199208, 0.108026, 4.500000),0.07862288,0.5,0.3666667,True
15:30:38.433,(0.199208, 0.108026, 4.500000),0.07862288,0.5,0.3666667,True
15:30:38.456,(0.205821, 0.081571, 4.500000),0.07117568,0.5,0.3611111,True
15:30:38.456,(0.205821, 0.081571, 4.500000),0.07117568,0.5,0.3611111,True
15:30:38.474,(0.212434, 0.041888, 4.500000),0.07117568,0.5,0.3611111,True
15:30:38.474,(0.212434, 0.041888, 4.500000),0.07117568,0.5,0.3611111,True
15:30:38.496,(0.225663, 0.002205, 4.500000),0.06494933,0.5,0.3611111,True
15:30:38.498,(0.225663, 0.002205, 4.500000),0.06494933,0.5,0.3611111,True
15:30:38.518,(0.232276, -0.037479, 4.500000),0.06751312,0.5,0.35,True
15:30:38.518,(0.232276, -0.037479, 4.500000),0.06751312,0.5,0.35,True
15:30:38.534,(0.238889, -0.077162, 4.500000),0.06910023,0.5,0.3444445,True
15:30:38.534,(0.238889, -0.077162, 4.500000),0.06910023,0.5,0.3444445,True
15:30:38.550,(0.232276, -0.116845, 4.500000),0.06775729,0.5,0.3444445,True
15:30:38.550,(0.232276, -0.116845, 4.500000),0.06775729,0.5,0.3444445,True
15:30:38.573,(0.225663, -0.136687, 4.500000),0.06775729,0.5,0.3444445,True
15:30:38.573,(0.225663, -0.136687, 4.500000),0.06775729,0.5,0.3444445,True
15:30:38.588,(0.212434, -0.169756, 4.500000),0.06775729,0.5,0.3444445,True
15:30:38.588,(0.212434, -0.169756, 4.500000),0.06775729,0.5,0.3444445,True
15:30:38.618,(0.192592, -0.182984, 4.500000),0.07141985,0.5,0.35,True
15:30:38.618,(0.192592, -0.182984, 4.500000),0.07141985,0.5,0.35,True
15:30:38.637,(0.139682, -0.209439, 4.500000),0.06983274,0.5,0.35,True
15:30:38.637,(0.139682, -0.209439, 4.500000),0.06983274,0.5,0.35,True
15:30:38.655,(0.093386, -0.209439, 4.500000),0.06983274,0.5,0.35,True
15:30:38.655,(0.093386, -0.209439, 4.500000),0.06983274,0.5,0.35,True
15:30:38.672,(0.040474, -0.209439, 4.500000),0.06983274,0.5,0.35,True
15:30:38.672,(0.040474, -0.209439, 4.500000),0.06983274,0.5,0.35,True
15:30:38.699,(-0.012436, -0.202825, 4.500000),0.07740203,0.5,0.3555556,True
15:30:38.699,(-0.012436, -0.202825, 4.500000),0.07740203,0.5,0.3555556,True
15:30:38.713,(-0.052120, -0.182984, 4.500000),0.07862288,0.5,0.3555556,True
15:30:38.713,(-0.052120, -0.182984, 4.500000),0.07862288,0.5,0.3555556,True
15:30:38.741,(-0.098417, -0.143300, 4.500000),0.07862288,0.5,0.3555556,True
15:30:38.742,(-0.098417, -0.143300, 4.500000),0.07862288,0.5,0.3555556,True
15:30:38.767,(-0.144713, -0.083776, 4.500000),0.07862288,0.5,0.3555556,True
15:30:38.767,(-0.144713, -0.083776, 4.500000),0.07862288,0.5,0.3555556,True
15:30:38.785,(-0.177784, -0.024251, 4.500000),0.1469906,0.5,0.3611111,True
15:30:38.785,(-0.177784, -0.024251, 4.500000),0.1469906,0.5,0.3611111,True
15:30:38.801,(-0.191012, 0.002205, 4.500000),0.1808082,0.5,0.3555556,True
15:30:38.801,(-0.191012, 0.002205, 4.500000),0.1808082,0.5,0.3555556,True
15:30:38.818,(-0.197625, 0.015432, 4.500000),0.1808082,0.5,0.3555556,True
15:30:38.818,(-0.197625, 0.015432, 4.500000),0.1808082,0.5,0.3555556,True
15:30:38.834,(-0.197625, 0.028660, 4.500000),0.245025,0.5,0.3555556,True
15:30:38.834,(-0.197625, 0.028660, 4.500000),0.245025,0.5,0.3555556,True
15:30:38.860,(-0.197625, 0.035274, 4.500000),0.3240142,0.5,0.3555556,True
15:30:38.860,(-0.197625, 0.035274, 4.500000),0.3370773,0.5,0.3555556,True
15:30:38.881,(-0.197625, 0.035274, 4.500000),0.3370773,0.5,0.3555556,True
15:30:38.881,(-0.197625, 0.035274, 4.500000),0.3370773,0.5,0.3555556,True
15:30:38.898,(-0.191012, 0.015432, 4.500000),0.3646685,0.5,0.35,True
15:30:38.898,(-0.191012, 0.015432, 4.500000),0.3646685,0.5,0.35,True
15:30:38.917,(-0.184397, -0.011023, 4.500000),0.3645464,0.5,0.35,True
15:30:38.918,(-0.184397, -0.011023, 4.500000),0.3645464,0.5,0.35,True
15:30:38.942,(-0.184397, -0.030865, 4.500000),0.353925,0.5,0.3444445,True
15:30:38.942,(-0.184397, -0.030865, 4.500000),0.353925,0.5,0.3444445,True
15:30:38.956,(-0.184397, -0.077162, 4.500000),0.3531925,0.5,0.3444445,True
15:30:38.957,(-0.184397, -0.077162, 4.500000),0.3531925,0.5,0.3444445,True
15:30:38.988,(-0.197625, -0.103617, 4.500000),0.3517275,0.5,0.3444445,True
15:30:38.988,(-0.197625, -0.103617, 4.500000),0.3517275,0.5,0.3444445,True
15:30:39.012,(-0.217467, -0.143301, 4.500000),0.3520938,0.5,0.3444445,True
15:30:39.013,(-0.217467, -0.143301, 4.500000),0.3520938,0.5,0.3444445,True
15:30:39.030,(-0.250535, -0.169756, 4.500000),0.3530704,0.5,0.3444445,True
15:30:39.031,(-0.250535, -0.169756, 4.500000),0.3530704,0.5,0.3444445,True
15:30:39.045,(-0.290219, -0.176370, 4.500000),0.3541692,0.5,0.3444445,True
15:30:39.045,(-0.290219, -0.176370, 4.500000),0.3541692,0.5,0.3444445,True
15:30:39.064,(-0.316674, -0.176370, 4.500000),0.3557563,0.5,0.3444445,True
15:30:39.064,(-0.316674, -0.176370, 4.500000),0.3557563,0.5,0.3444445,True
15:30:39.080,(-0.349744, -0.169756, 4.500000),0.3562447,0.5,0.3388889,True
15:30:39.081,(-0.349744, -0.169756, 4.500000),0.3562447,0.5,0.3388889,True
15:30:39.107,(-0.382814, -0.143301, 4.500000),0.3578318,0.5,0.3388889,True
15:30:39.107,(-0.382814, -0.143301, 4.500000),0.3578318,0.5,0.3388889,True
15:30:39.126,(-0.415883, -0.116845, 4.500000),0.3607618,0.5,0.3388889,True
15:30:39.126,(-0.415883, -0.116845, 4.500000),0.3607618,0.5,0.3388889,True
15:30:39.145,(-0.442338, -0.077162, 4.500000),0.3643023,0.5,0.3388889,True
15:30:39.145,(-0.442338, -0.077162, 4.500000),0.3643023,0.5,0.3388889,True
15:30:39.161,(-0.462179, -0.037479, 4.500000),0.3685753,0.5,0.3388889,True
15:30:39.161,(-0.462179, -0.037479, 4.500000),0.371139,0.5,0.3388889,True
15:30:39.185,(-0.468795, -0.011023, 4.500000),0.3750458,0.5,0.3388889,True
15:30:39.185,(-0.468795, -0.011023, 4.500000),0.3750458,0.5,0.3388889,True
15:30:39.201,(-0.475408, 0.002205, 4.500000),0.3750458,0.5,0.3388889,True
15:30:39.201,(-0.475408, 0.002205, 4.500000),0.3750458,0.5,0.3388889,True
15:30:39.230,(-0.475408, 0.008819, 4.500000),0.3750458,0.5,0.3388889,True
15:30:39.230,(-0.475408, 0.008819, 4.500000),0.3750458,0.5,0.3388889,True
15:30:39.252,(-0.475408, 0.015432, 4.500000),0.4738127,0.5,0.3388889,True
15:30:39.252,(-0.475408, 0.015432, 4.500000),0.4738127,0.5,0.3388889,True
15:30:39.267,(-0.462179, 0.002205, 4.500000),0.5618362,0.5,0.3388889,True
15:30:39.268,(-0.462179, 0.002205, 4.500000),0.5618362,0.5,0.3388889,True
15:30:39.286,(-0.455566, -0.011023, 4.500000),0.5618362,0.5,0.3388889,True
15:30:39.286,(-0.455566, -0.011023, 4.500000),0.5618362,0.5,0.3388889,True
15:30:39.310,(-0.435724, -0.037479, 4.500000),0.5681846,0.5,0.3388889,True
15:30:39.310,(-0.435724, -0.037479, 4.500000),0.5681846,0.5,0.3388889,True
15:30:39.325,(-0.409269, -0.090390, 4.500000),0.5664754,0.5,0.3388889,True
15:30:39.325,(-0.409269, -0.090390, 4.500000),0.5664754,0.5,0.3388889,True
15:30:39.351,(-0.389428, -0.123459, 4.500000),0.5664754,0.5,0.3388889,True
15:30:39.352,(-0.389428, -0.123459, 4.500000),0.5653766,0.5,0.3388889,True
15:30:39.375,(-0.356357, -0.182984, 4.500000),0.5656208,0.5,0.3388889,True
15:30:39.375,(-0.356357, -0.182984, 4.500000),0.5656208,0.5,0.3388889,True
15:30:39.393,(-0.336516, -0.242509, 4.500000),0.565865,0.5,0.3388889,True
15:30:39.393,(-0.336516, -0.242509, 4.500000),0.565865,0.5,0.3388889,True
15:30:39.410,(-0.323289, -0.268964, 4.500000),0.5681846,0.5,0.3388889,True
15:30:39.410,(-0.323289, -0.268964, 4.500000),0.5681846,0.5,0.3388889,True
15:30:39.434,(-0.310061, -0.302033, 4.500000),0.5689171,0.5,0.3388889,True
15:30:39.435,(-0.310061, -0.302033, 4.500000),0.5689171,0.5,0.3388889,True
15:30:39.449,(-0.290219, -0.354944, 4.500000),0.5684288,0.5,0.3388889,True
15:30:39.450,(-0.290219, -0.354944, 4.500000),0.5684288,0.5,0.3388889,True
15:30:39.477,(-0.290219, -0.381400, 4.500000),0.5691613,0.5,0.3388889,True
15:30:39.478,(-0.290219, -0.381400, 4.500000),0.5691613,0.5,0.3388889,True
15:30:39.501,(-0.290219, -0.434311, 4.500000),0.5685508,0.5,0.3388889,True
15:30:39.502,(-0.290219, -0.434311, 4.500000),0.5685508,0.5,0.3388889,True
15:30:39.515,(-0.303447, -0.500449, 4.500000),0.5727018,0.5,0.3388889,True
15:30:39.515,(-0.303447, -0.500449, 4.500000),0.5727018,0.5,0.3388889,True
15:30:39.530,(-0.316674, -0.526905, 4.500000),0.5727018,0.5,0.3388889,True
15:30:39.530,(-0.316674, -0.526905, 4.500000),0.5727018,0.5,0.3388889,True
15:30:39.555,(-0.336516, -0.566588, 4.500000),0.5764864,0.5,0.3388889,True
15:30:39.556,(-0.336516, -0.566588, 4.500000),0.5764864,0.5,0.3388889,True
15:30:39.572,(-0.382814, -0.632727, 4.500000),0.5790502,0.5,0.3388889,True
15:30:39.572,(-0.382814, -0.632727, 4.500000),0.5790502,0.5,0.3388889,True
15:30:39.600,(-0.422496, -0.665796, 4.500000),0.5852765,0.5,0.3388889,True
15:30:39.601,(-0.422496, -0.665796, 4.500000),0.5852765,0.5,0.3388889,True
15:30:39.626,(-0.515091, -0.725321, 4.500000),0.5852765,0.5,0.3388889,True
15:30:39.626,(-0.515091, -0.725321, 4.500000),0.5852765,0.5,0.3388889,True
15:30:39.643,(-0.634140, -0.765004, 4.500000),0.5913808,0.5,0.3388889,True
15:30:39.644,(-0.634140, -0.765004, 4.500000),0.5913808,0.5,0.3388889,True
15:30:39.656,(-0.739962, -0.778232, 4.500000),0.594555,0.5,0.3388889,True
15:30:39.656,(-0.739962, -0.778232, 4.500000),0.594555,0.5,0.3388889,True
15:30:39.680,(-0.806100, -0.778232, 4.500000),0.5980955,0.5,0.3388889,True
15:30:39.681,(-0.806100, -0.778232, 4.500000),0.5980955,0.5,0.3388889,True
15:30:39.697,(-0.958219, -0.731935, 4.500000),0.5984617,0.5,0.3444445,True
15:30:39.697,(-0.958219, -0.731935, 4.500000),0.5984617,0.5,0.3444445,True
15:30:39.719,(-1.030973, -0.685638, 4.500000),0.5984617,0.5,0.3444445,True
15:30:39.720,(-1.030973, -0.685638, 4.500000),0.5984617,0.5,0.3444445,True
15:30:39.745,(-1.130179, -0.586430, 4.500000),0.6140887,0.5,0.3444445,True
15:30:39.745,(-1.130179, -0.586430, 4.500000),0.6140887,0.5,0.3444445,True
15:30:40.582,(-1.236001, -0.401241, 4.500000),0,0,0.5,True
15:30:40.583,(-1.236001, -0.401241, 4.500000),0,0,0.5,True
15:30:40.601,(-1.236001, -0.401241, 4.500000),0,0,0.5,True
15:30:40.601,(-1.236001, -0.401241, 4.500000),0,0,0.5,True
15:30:40.620,(-1.236001, -0.401241, 4.500000),0,0,0.5,True
15:30:40.620,(-1.236001, -0.401241, 4.500000),0,0,0.5,True
