15:06:02.271,(-3.597153, 1.801177, 4.500000),0,0.3655556,0.4277778,False
15:06:02.272,(-3.597153, 1.801177, 4.500000),0,0.3655556,0.4277778,False
15:06:02.297,(0.278573, 0.279987, 4.500000),0,0.3641667,0.4388889,False
15:06:02.297,(0.278573, 0.279987, 4.500000),0,0.3641667,0.4388889,False
15:06:02.311,(0.265346, 0.293215, 4.500000),0,0.3747222,0.45,False
15:06:02.311,(0.265346, 0.293215, 4.500000),0,0.3747222,0.45,False
15:06:02.336,(0.258731, 0.306443, 4.500000),0,0.3747222,0.45,False
15:06:02.337,(0.258731, 0.306443, 4.500000),0,0.3747222,0.45,False
15:06:02.352,(0.245504, 0.319670, 4.500000),0,0.3891667,0.4555556,False
15:06:02.352,(0.245504, 0.319670, 4.500000),0,0.3891667,0.4555556,False
15:06:02.376,(0.212434, 0.332898, 4.500000),0,0.3891667,0.4555556,False
15:06:02.376,(0.212434, 0.332898, 4.500000),0,0.3891667,0.4555556,False
15:06:02.398,(0.172751, 0.319670, 4.500000),0,0.3891667,0.4555556,False
15:06:02.399,(0.172751, 0.319670, 4.500000),0,0.3891667,0.4555556,False
15:06:02.413,(0.086770, 0.266759, 4.500000),0.1567574,0.4063889,0.4388889,False
15:06:02.414,(0.086770, 0.266759, 4.500000),0.1567574,0.4063889,0.4388889,False
15:06:02.427,(0.060315, 0.227076, 4.500000),0.1566353,0.3947222,0.4333333,False
15:06:02.428,(0.060315, 0.227076, 4.500000),0.1566353,0.3947222,0.4333333,False
15:06:02.454,(0.040474, 0.187393, 4.500000),0.1573678,0.4097222,0.4222222,False
15:06:02.454,(0.040474, 0.187393, 4.500000),0.1588329,0.4097222,0.4222222,False
15:06:02.467,(0.053702, 0.121254, 4.500000),0.1605421,0.4158333,0.4222222,False
15:06:02.467,(0.053702, 0.121254, 4.500000),0.1605421,0.4158333,0.4222222,False
15:06:02.493,(0.073544, 0.094799, 4.500000),0.1728727,0.4038889,0.3888889,False
15:06:02.494,(0.073544, 0.094799, 4.500000),0.1728727,0.4038889,0.3888889,False
15:06:02.515,(0.133069, 0.068343, 4.500000),0.1731168,0.4063889,0.3777778,False
15:06:02.515,(0.133069, 0.068343, 4.500000),0.1731168,0.4063889,0.3777778,False
15:06:02.532,(0.205821, 0.068343, 4.500000),0.1750702,0.4044445,0.3666667,False
15:06:02.532,(0.205821, 0.068343, 4.500000),0.1750702,0.4044445,0.3666667,False
15:06:02.546,(0.278573, 0.081571, 4.500000),0.1750702,0.4044445,0.3666667,False
15:06:02.547,(0.278573, 0.081571, 4.500000),0.1750702,0.4044445,0.3666667,False
15:06:02.572,(0.331485, 0.088185, 4.500000),0.1771456,0.4044445,0.3666667,False
15:06:02.572,(0.331485, 0.088185, 4.500000),0.1771456,0.4044445,0.3666667,False
15:06:02.586,(0.404236, 0.108026, 4.500000),0.1771456,0.4044445,0.3666667,False
15:06:02.586,(0.404236, 0.108026, 4.500000),0.1771456,0.4044445,0.3666667,False
15:06:02.614,(0.424078, 0.121254, 4.500000),0.1806861,0.4063889,0.3777778,False
15:06:02.614,(0.424078, 0.121254, 4.500000),0.1806861,0.4063889,0.3777778,False
15:06:02.633,(0.424078, 0.134482, 4.500000),0.1786107,0.4063889,0.3777778,False
15:06:02.633,(0.424078, 0.134482, 4.500000),0.1786107,0.4063889,0.3777778,False
15:06:02.649,(0.404236, 0.141096, 4.500000),0.1786107,0.4063889,0.3777778,False
15:06:02.649,(0.404236, 0.141096, 4.500000),0.1786107,0.4063889,0.3777778,False
15:06:02.667,(0.377781, 0.134482, 4.500000),0.1783665,0.4063889,0.3777778,False
15:06:02.667,(0.377781, 0.134482, 4.500000),0.1783665,0.4063889,0.3777778,False
15:06:02.690,(0.318256, 0.108026, 4.500000),0.1936271,0.4019445,0.3833333,False
15:06:02.691,(0.318256, 0.108026, 4.500000),0.1936271,0.4019445,0.3833333,False
15:06:02.709,(0.199208, 0.035274, 4.500000),0.2258576,0.4019445,0.3833333,False
15:06:02.710,(0.199208, 0.035274, 4.500000),0.2258576,0.4019445,0.3833333,False
15:06:02.732,(0.106612, -0.050706, 4.500000),0.24063,0.4019445,0.3833333,False
15:06:02.733,(0.106612, -0.050706, 4.500000),0.24063,0.4019445,0.3833333,False
15:06:02.755,(0.027247, -0.149914, 4.500000),0.292272,0.4083333,0.3833333,False
15:06:02.755,(0.027247, -0.149914, 4.500000),0.292272,0.4083333,0.3833333,False
15:06:02.771,(-0.032278, -0.235895, 4.500000),0.3555121,0.4063889,0.3777778,False
15:06:02.771,(-0.032278, -0.235895, 4.500000),0.3555121,0.4063889,0.3777778,False
15:06:02.788,(-0.065348, -0.315261, 4.500000),0.3823709,0.4063889,0.3777778,False
15:06:02.789,(-0.065348, -0.315261, 4.500000),0.3823709,0.4063889,0.3777778,False
15:06:02.811,(-0.071962, -0.401241, 4.500000),0.389696,0.4063889,0.3777778,False
15:06:02.812,(-0.071962, -0.401241, 4.500000),0.389696,0.4063889,0.3777778,False
15:06:02.828,(-0.052120, -0.480608, 4.500000),0.3921377,0.4063889,0.3777778,False
15:06:02.828,(-0.052120, -0.480608, 4.500000),0.3921377,0.4063889,0.3777778,False
15:06:02.854,(0.000790, -0.546746, 4.500000),0.405445,0.4019445,0.3833333,False
15:06:02.855,(0.000790, -0.546746, 4.500000),0.405445,0.4019445,0.3833333,False
15:06:02.877,(0.080157, -0.593043, 4.500000),0.405445,0.4019445,0.3833333,False
15:06:02.877,(0.080157, -0.593043, 4.500000),0.405445,0.4019445,0.3833333,False
15:06:02.894,(0.225663, -0.632727, 4.500000),0.4163106,0.4038889,0.3888889,False
15:06:02.894,(0.225663, -0.632727, 4.500000),0.4163106,0.4038889,0.3888889,False
15:06:02.909,(0.351326, -0.659182, 4.500000),0.4163106,0.4038889,0.3888889,False
15:06:02.909,(0.351326, -0.659182, 4.500000),0.4163106,0.4038889,0.3888889,False
15:06:02.933,(0.443920, -0.665796, 4.500000),0.4264437,0.3991667,0.3944444,False
15:06:02.933,(0.443920, -0.665796, 4.500000),0.4264437,0.3991667,0.3944444,False
15:06:02.946,(0.589425, -0.652568, 4.500000),0.4385301,0.3991667,0.3944444,False
15:06:02.946,(0.589425, -0.652568, 4.500000),0.4385301,0.3991667,0.3944444,False
15:06:02.974,(0.695247, -0.626113, 4.500000),0.6873398,0.3955556,0.4055555,False
15:06:02.974,(0.695247, -0.626113, 4.500000),0.6873398,0.3955556,0.4055555,False
15:06:02.995,(0.900276, -0.526905, 4.500000),0.6890489,0.3955556,0.4055555,False
15:06:02.995,(0.900276, -0.526905, 4.500000),0.6890489,0.3955556,0.4055555,False
15:06:03.011,(1.065623, -0.421083, 4.500000),0.6890489,0.3955556,0.4055555,False
15:06:03.011,(1.065623, -0.421083, 4.500000),0.6890489,0.3955556,0.4055555,False
15:06:03.028,(1.118535, -0.368172, 4.500000),0.6890489,0.3955556,0.4055555,False
15:06:03.029,(1.118535, -0.368172, 4.500000),0.6890489,0.3955556,0.4055555,False
15:06:03.341,(1.171445, -0.288806, 4.500000),0,0.3572222,0.4611111,False
15:06:03.342,(1.171445, -0.288806, 4.500000),0,0.3572222,0.4611111,False
15:06:03.363,(0.053702, 0.544542, 4.500000),0,0.3572222,0.4611111,False
15:06:03.363,(0.053702, 0.544542, 4.500000),0,0.3572222,0.4611111,False
15:06:04.158,(0.040474, 0.537928, 4.500000),0,0.4063889,0.4166667,False
15:06:04.158,(0.040474, 0.537928, 4.500000),0,0.4063889,0.4166667,False
15:06:04.177,(0.040474, 0.537928, 4.500000),0,0.4063889,0.4166667,False
15:06:04.177,(0.040474, 0.537928, 4.500000),0,0.4063889,0.4166667,False
