13:25:21.313,(-1.493942, -0.354944, 4.500000),0,0.6355556,0.4388889,False
13:25:21.336,(-0.422496, -0.050706, 4.500000),0,0.6355556,0.4388889,False
13:25:21.349,(-0.415883, -0.037479, 4.500000),0,0.6355556,0.4388889,False
13:25:21.370,(-0.415883, -0.037479, 4.500000),0,0.6355556,0.4388889,False
13:25:21.392,(-0.409269, -0.037479, 4.500000),0,0.6355556,0.4388889,False
13:25:21.407,(-0.396041, -0.050706, 4.500000),0,0.6355556,0.4388889,False
13:25:21.418,(-0.396041, -0.057320, 4.500000),0,0.6355556,0.4388889,False
13:25:21.434,(-0.396041, -0.063934, 4.500000),0.05383958,0.5833333,0.3777778,False
13:25:21.445,(-0.382814, -0.083776, 4.500000),0.05457209,0.5894445,0.3722222,False
13:25:21.468,(-0.382814, -0.103617, 4.500000),0.05457209,0.5894445,0.3722222,False
13:25:21.488,(-0.369586, -0.149914, 4.500000),0.1766573,0.595,0.35,False
13:25:21.502,(-0.349744, -0.202825, 4.500000),0.1766573,0.595,0.35,False
13:25:21.516,(-0.336516, -0.235895, 4.500000),0.2688316,0.6011111,0.3388889,False
13:25:21.532,(-0.323289, -0.262350, 4.500000),0.3343914,0.6022222,0.3333333,False
13:25:21.545,(-0.316674, -0.302033, 4.500000),0.4721035,0.6033334,0.3222222,False
13:25:21.568,(-0.316674, -0.321875, 4.500000),0.6358198,0.6033334,0.3222222,False
13:25:21.587,(-0.316674, -0.341716, 4.500000),0.7552192,0.6033334,0.3222222,False
13:25:21.606,(-0.316674, -0.368172, 4.500000),0.7552192,0.6033334,0.3222222,False
13:25:21.619,(-0.316674, -0.388014, 4.500000),0.7552192,0.6033334,0.3222222,False
13:25:21.635,(-0.323289, -0.407855, 4.500000),0.7552192,0.6033334,0.3222222,False
13:25:21.647,(-0.329902, -0.421083, 4.500000),1,0.6033334,0.3222222,False
13:25:21.669,(-0.336516, -0.434311, 4.500000),1,0.6002778,0.3166667,False
13:25:21.689,(-0.356357, -0.447538, 4.500000),1,0.6002778,0.3166667,False
13:25:21.704,(-0.389428, -0.460766, 4.500000),1,0.5991667,0.3277778,False
13:25:21.717,(-0.435724, -0.473994, 4.500000),1,0.5991667,0.3277778,False
13:25:21.733,(-0.475408, -0.473994, 4.500000),1,0.6022222,0.3333333,False
13:25:21.748,(-0.515091, -0.480608, 4.500000),1,0.6022222,0.3333333,False
13:25:21.771,(-0.554775, -0.487221, 4.500000),1,0.6055555,0.3333333,False
13:25:21.792,(-0.620913, -0.500449, 4.500000),1,0.6088889,0.3388889,False
13:25:21.807,(-0.706893, -0.507063, 4.500000),1,0.6088889,0.3388889,False
13:25:21.819,(-0.753190, -0.513677, 4.500000),1,0.6127778,0.3444445,False
13:25:21.834,(-0.792874, -0.513677, 4.500000),1,0.6127778,0.3444445,False
13:25:21.855,(-0.839171, -0.520291, 4.500000),1,0.6127778,0.3444445,False
13:25:21.876,(-0.898696, -0.526905, 4.500000),1,0.6127778,0.3444445,False
13:25:22.262,(-0.951606, -0.526905, 4.500000),0,0.5225,0.4555556,False
13:25:22.283,(-0.647368, -0.130073, 4.500000),0,0.5225,0.4555556,False
13:25:22.298,(-0.653982, -0.116845, 4.500000),0,0.5225,0.4555556,False
13:25:22.319,(-0.660597, -0.110231, 4.500000),0,0.5313889,0.4388889,False
13:25:22.332,(-0.673823, -0.110231, 4.500000),0,0.5422222,0.4333333,False
13:25:22.355,(-0.687052, -0.116845, 4.500000),0,0.5441667,0.4166667,False
13:25:22.377,(-0.700278, -0.123459, 4.500000),0.03125381,0.5655556,0.4,False
13:25:22.391,(-0.713507, -0.149914, 4.500000),0.02954462,0.5772222,0.3888889,False
13:25:22.403,(-0.720120, -0.163142, 4.500000),0.03088756,0.5805556,0.3833333,False
13:25:22.418,(-0.726735, -0.176370, 4.500000),0.03088756,0.5805556,0.3833333,False
13:25:22.433,(-0.726735, -0.182984, 4.500000),0.03088756,0.5805556,0.3833333,False
13:25:22.457,(-0.713507, -0.196211, 4.500000),0.03686973,0.5847222,0.3555556,False
13:25:22.477,(-0.700278, -0.209439, 4.500000),0.03845684,0.5888889,0.3388889,False
13:25:22.493,(-0.660597, -0.235895, 4.500000),0.03955561,0.5888889,0.3388889,False
13:25:22.507,(-0.647368, -0.249122, 4.500000),0.08594799,0.5905555,0.3333333,False
13:25:22.528,(-0.634140, -0.255736, 4.500000),0.09754609,0.5905555,0.3333333,False
13:25:22.543,(-0.620913, -0.262350, 4.500000),0.1267245,0.5933333,0.3388889,False
13:25:22.566,(-0.614298, -0.268964, 4.500000),0.1320962,0.5933333,0.3388889,False
13:25:22.588,(-0.607685, -0.268964, 4.500000),0.1319741,0.5966667,0.3388889,False
13:25:22.605,(-0.607685, -0.275578, 4.500000),0.1319741,0.5966667,0.3388889,False
13:25:22.617,(-0.614298, -0.275578, 4.500000),0.1506532,0.5966667,0.3388889,False
13:25:22.632,(-0.620913, -0.275578, 4.500000),0.1574899,0.6,0.3444445,False
13:25:22.644,(-0.627527, -0.275578, 4.500000),0.1588329,0.6,0.3444445,False
13:25:22.669,(-0.634140, -0.282192, 4.500000),0.1588329,0.6,0.3444445,False
13:25:22.686,(-0.660597, -0.288806, 4.500000),0.16335,0.6080555,0.3444445,False
13:25:22.702,(-0.687052, -0.295420, 4.500000),0.1639604,0.6080555,0.3444445,False
13:25:22.716,(-0.713507, -0.302033, 4.500000),0.1639604,0.6080555,0.3444445,False
13:25:22.733,(-0.726735, -0.315261, 4.500000),0.1639604,0.6080555,0.3444445,False
13:25:22.747,(-0.739962, -0.315261, 4.500000),0.1639604,0.6080555,0.3444445,False
13:25:22.769,(-0.753190, -0.321875, 4.500000),0.1666463,0.6127778,0.3444445,False
13:25:22.790,(-0.766417, -0.321875, 4.500000),0.1666463,0.6127778,0.3444445,False
13:25:23.949,(-0.779645, -0.328489, 4.500000),0,0,0.5,True
13:25:23.966,(-0.779645, -0.328489, 4.500000),0,0,0.5,True
13:25:23.979,(-0.779645, -0.328489, 4.500000),0,0,0.5,True
13:25:23.999,(-0.779645, -0.328489, 4.500000),0,0,0.5,True
13:25:24.014,(-0.779645, -0.328489, 4.500000),0,0,0.5,True
13:25:24.031,(-0.779645, -0.328489, 4.500000),0,0,0.5,True
13:25:24.046,(-0.779645, -0.328489, 4.500000),0,0,0.5,True
