14:12:06.872,(-3.081272, -0.473994, 4.500000),0,0,0.5,False
14:12:06.872,(-3.081272, -0.473994, 4.500000),0,0,0.5,False
14:12:06.895,(-2.247925, -0.037479, 4.500000),0,0,0.5,False
14:12:06.896,(-2.247925, -0.037479, 4.500000),0,0,0.5,False
14:12:06.907,(-2.254538, -0.011023, 4.500000),0,0,0.5,False
14:12:06.907,(-2.254538, -0.011023, 4.500000),0,0,0.5,False
14:12:06.923,(-2.261151, 0.002205, 4.500000),0,0,0.5,False
14:12:06.924,(-2.261151, 0.002205, 4.500000),0,0,0.5,False
14:12:06.938,(-2.261151, 0.008819, 4.500000),0,0,0.5,False
14:12:06.938,(-2.261151, 0.008819, 4.500000),0,0,0.5,False
14:12:06.962,(-2.254538, 0.002205, 4.500000),0,0,0.5,False
14:12:06.962,(-2.254538, 0.002205, 4.500000),0,0,0.5,False
14:12:06.981,(-2.247924, -0.011023, 4.500000),0.3219387,0.5,0.4833333,False
14:12:06.981,(-2.247924, -0.011023, 4.500000),0.3219387,0.5,0.4833333,False
14:12:06.996,(-2.228083, -0.050706, 4.500000),0.3619827,0.5,0.4722222,False
14:12:06.996,(-2.228083, -0.050706, 4.500000),0.3619827,0.5,0.4722222,False
14:12:07.006,(-2.214854, -0.090390, 4.500000),0.3484312,0.5,0.4666667,False
14:12:07.007,(-2.214854, -0.090390, 4.500000),0.3484312,0.5,0.4666667,False
14:12:07.030,(-2.208241, -0.103617, 4.500000),0.3484312,0.5,0.4666667,False
14:12:07.030,(-2.208241, -0.103617, 4.500000),0.3484312,0.5,0.4666667,False
14:12:07.043,(-2.181786, -0.189597, 4.500000),0.3414724,0.5,0.4555556,False
14:12:07.044,(-2.181786, -0.189597, 4.500000),0.3414724,0.5,0.4555556,False
14:12:07.067,(-2.161944, -0.229281, 4.500000),0.342449,0.5,0.4444444,False
14:12:07.068,(-2.161944, -0.229281, 4.500000),0.342449,0.5,0.4444444,False
14:12:07.089,(-2.142102, -0.282192, 4.500000),0.345257,0.5,0.4388889,False
14:12:07.090,(-2.142102, -0.282192, 4.500000),0.345257,0.5,0.4388889,False
14:12:07.105,(-2.128874, -0.341716, 4.500000),0.3523379,0.5,0.4277778,False
14:12:07.105,(-2.128874, -0.341716, 4.500000),0.3523379,0.5,0.4277778,False
14:12:07.118,(-2.135487, -0.368172, 4.500000),0.3535588,0.5,0.4222222,False
14:12:07.118,(-2.135487, -0.368172, 4.500000),0.3535588,0.5,0.4222222,False
14:12:07.137,(-2.142102, -0.388014, 4.500000),0.3566109,0.5,0.4166667,False
14:12:07.137,(-2.142102, -0.388014, 4.500000),0.3566109,0.5,0.4166667,False
14:12:07.153,(-2.175171, -0.421083, 4.500000),0.3629594,0.5,0.4166667,False
14:12:07.153,(-2.175171, -0.421083, 4.500000),0.3629594,0.5,0.4166667,False
14:12:07.172,(-2.208241, -0.434311, 4.500000),0.3629594,0.5,0.4166667,False
14:12:07.172,(-2.208241, -0.434311, 4.500000),0.3629594,0.5,0.4166667,False
14:12:07.191,(-2.280993, -0.460766, 4.500000),0.3813942,0.5,0.4222222,False
14:12:07.191,(-2.280993, -0.460766, 4.500000),0.3813942,0.5,0.4222222,False
14:12:07.205,(-2.366973, -0.473994, 4.500000),0.4175314,0.5,0.4222222,False
14:12:07.205,(-2.366973, -0.473994, 4.500000),0.4175314,0.5,0.4222222,False
14:12:07.218,(-2.426498, -0.487221, 4.500000),0.4631913,0.5,0.4277778,False
14:12:07.218,(-2.426498, -0.487221, 4.500000),0.4631913,0.5,0.4277778,False
14:12:07.234,(-2.486023, -0.493835, 4.500000),0.5365645,0.5,0.4277778,False
14:12:07.235,(-2.486023, -0.493835, 4.500000),0.5365645,0.5,0.4277778,False
14:12:07.249,(-2.585230, -0.500449, 4.500000),0.5365645,0.5,0.4277778,False
14:12:07.249,(-2.585230, -0.500449, 4.500000),0.5365645,0.5,0.4277778,False
14:12:07.515,(-2.644756, -0.500449, 4.500000),0,0.5,0.4777778,False
14:12:07.515,(-2.644756, -0.500449, 4.500000),0,0.5,0.4777778,False
14:12:07.532,(-2.459569, -0.149914, 4.500000),0,0.5,0.4777778,False
14:12:07.532,(-2.459569, -0.149914, 4.500000),0,0.5,0.4777778,False
14:12:07.558,(-2.459569, -0.143301, 4.500000),0,0.5,0.4888889,False
14:12:07.558,(-2.459569, -0.143301, 4.500000),0,0.5,0.4888889,False
14:12:07.570,(-2.472795, -0.130073, 4.500000),0,0.5,0.4888889,False
14:12:07.570,(-2.472795, -0.130073, 4.500000),0,0.5,0.4888889,False
14:12:07.587,(-2.499250, -0.130073, 4.500000),0,0.5,0.4944444,False
14:12:07.588,(-2.499250, -0.130073, 4.500000),0,0.5,0.4944444,False
14:12:07.601,(-2.525707, -0.136687, 4.500000),0,0.5,0.4944444,False
14:12:07.601,(-2.525707, -0.136687, 4.500000),0,0.5,0.4944444,False
14:12:07.624,(-2.538934, -0.149914, 4.500000),0,0.5,0.4944444,False
14:12:07.625,(-2.538934, -0.149914, 4.500000),0,0.5,0.4944444,False
14:12:07.645,(-2.552162, -0.169756, 4.500000),0.2108412,0.5,0.4833333,False
14:12:07.645,(-2.552162, -0.169756, 4.500000),0.2108412,0.5,0.4833333,False
14:12:07.660,(-2.552162, -0.189597, 4.500000),0.2062019,0.5,0.4777778,False
14:12:07.661,(-2.552162, -0.189597, 4.500000),0.2062019,0.5,0.4777778,False
14:12:07.673,(-2.532321, -0.209439, 4.500000),0.2062019,0.5,0.4777778,False
14:12:07.673,(-2.532321, -0.209439, 4.500000),0.2062019,0.5,0.4777778,False
14:12:07.688,(-2.519092, -0.216053, 4.500000),0.2062019,0.5,0.4777778,False
14:12:07.688,(-2.519092, -0.216053, 4.500000),0.2062019,0.5,0.4777778,False
14:12:07.702,(-2.479410, -0.235895, 4.500000),0.2081553,0.5,0.4611111,False
14:12:07.702,(-2.479410, -0.235895, 4.500000),0.2081553,0.5,0.4611111,False
14:12:07.724,(-2.452953, -0.242509, 4.500000),0.2080332,0.5,0.4555556,False
14:12:07.724,(-2.452953, -0.242509, 4.500000),0.2080332,0.5,0.4555556,False
14:12:07.746,(-2.419885, -0.255736, 4.500000),0.2080332,0.5,0.4555556,False
14:12:07.746,(-2.419885, -0.255736, 4.500000),0.2080332,0.5,0.4555556,False
14:12:07.762,(-2.406657, -0.275578, 4.500000),0.2109632,0.5,0.4388889,False
14:12:07.762,(-2.406657, -0.275578, 4.500000),0.2109632,0.5,0.4388889,False
14:12:07.775,(-2.406657, -0.288806, 4.500000),0.2109632,0.5,0.4388889,False
14:12:07.775,(-2.406657, -0.288806, 4.500000),0.2109632,0.5,0.4388889,False
14:12:07.797,(-2.433111, -0.302033, 4.500000),0.2213405,0.5,0.4333333,False
14:12:07.797,(-2.433111, -0.302033, 4.500000),0.2213405,0.5,0.4333333,False
14:12:07.813,(-2.479410, -0.315261, 4.500000),0.2213405,0.5,0.4333333,False
14:12:07.813,(-2.479410, -0.315261, 4.500000),0.2213405,0.5,0.4333333,False
14:12:08.637,(-2.519092, -0.321875, 4.500000),0,0,0.5,False
14:12:08.637,(-2.519092, -0.321875, 4.500000),0,0,0.5,False
14:12:08.649,(-2.519092, -0.321875, 4.500000),0,0,0.5,False
14:12:08.649,(-2.519092, -0.321875, 4.500000),0,0,0.5,False
14:12:08.662,(-2.519092, -0.321875, 4.500000),0,0,0.5,False
14:12:08.663,(-2.519092, -0.321875, 4.500000),0,0,0.5,False
