15:44:33.384,(-0.700278, 0.028660, 4.500000),0,0.5,0.4166667,True
15:44:33.385,(-0.700278, 0.028660, 4.500000),0,0.5,0.4166667,True
15:44:33.408,(-0.316674, 0.332898, 4.500000),0,0.5,0.4166667,True
15:44:33.408,(-0.316674, 0.332898, 4.500000),0,0.5,0.4166667,True
15:44:33.421,(-0.323289, 0.346126, 4.500000),0,0.5,0.4111111,True
15:44:33.421,(-0.323289, 0.346126, 4.500000),0,0.5,0.4111111,True
15:44:33.450,(-0.316674, 0.352740, 4.500000),0,0.5,0.3944444,True
15:44:33.450,(-0.316674, 0.352740, 4.500000),0,0.5,0.3944444,True
15:44:33.473,(-0.316674, 0.346126, 4.500000),0,0.5,0.3888889,True
15:44:33.473,(-0.316674, 0.346126, 4.500000),0,0.5,0.3888889,True
15:44:33.486,(-0.303447, 0.332898, 4.500000),0,0.5,0.3888889,True
15:44:33.488,(-0.303447, 0.332898, 4.500000),0,0.5,0.3888889,True
15:44:33.503,(-0.290219, 0.332898, 4.500000),0.0379685,0.5,0.3611111,True
15:44:33.503,(-0.290219, 0.332898, 4.500000),0.0379685,0.5,0.3611111,True
15:44:33.527,(-0.276992, 0.319670, 4.500000),0.03979978,0.5,0.3555556,True
15:44:33.527,(-0.276992, 0.319670, 4.500000),0.03967769,0.5,0.35,True
15:44:33.545,(-0.237309, 0.286601, 4.500000),0.03967769,0.5,0.35,True
15:44:33.545,(-0.237309, 0.286601, 4.500000),0.03967769,0.5,0.35,True
15:44:33.573,(-0.204239, 0.260145, 4.500000),0.04175314,0.5,0.3444445,True
15:44:33.574,(-0.204239, 0.260145, 4.500000),0.04175314,0.5,0.3444445,True
15:44:33.595,(-0.164555, 0.227076, 4.500000),0.04175314,0.5,0.3444445,True
15:44:33.595,(-0.164555, 0.227076, 4.500000),0.04175314,0.5,0.3444445,True
15:44:33.612,(-0.111645, 0.180779, 4.500000),0.04614821,0.5,0.3222222,True
15:44:33.612,(-0.111645, 0.180779, 4.500000),0.04614821,0.5,0.3222222,True
15:44:33.628,(-0.078575, 0.147710, 4.500000),0.04602613,0.5,0.3166667,True
15:44:33.628,(-0.078575, 0.147710, 4.500000),0.04602613,0.5,0.3166667,True
15:44:33.647,(-0.058733, 0.127868, 4.500000),0.04565987,0.5,0.3166667,True
15:44:33.647,(-0.058733, 0.127868, 4.500000),0.04480527,0.5,0.3166667,True
15:44:33.669,(-0.025665, 0.088185, 4.500000),0.04382859,0.5,0.3222222,True
15:44:33.669,(-0.025665, 0.088185, 4.500000),0.04382859,0.5,0.3222222,True
15:44:33.697,(-0.005823, 0.048502, 4.500000),0.0454157,0.5,0.3222222,True
15:44:33.698,(-0.005823, 0.048502, 4.500000),0.0454157,0.5,0.3222222,True
15:44:33.720,(0.020632, -0.011023, 4.500000),0.0462703,0.5,0.3222222,True
15:44:33.720,(0.020632, -0.011023, 4.500000),0.0462703,0.5,0.3222222,True
15:44:33.736,(0.033860, -0.070548, 4.500000),0.0462703,0.5,0.3222222,True
15:44:33.736,(0.033860, -0.070548, 4.500000),0.0462703,0.5,0.3222222,True
15:44:33.750,(0.033860, -0.103617, 4.500000),0.0462703,0.5,0.3222222,True
15:44:33.750,(0.033860, -0.103617, 4.500000),0.0462703,0.5,0.3222222,True
15:44:33.776,(0.027247, -0.136687, 4.500000),0.04272982,0.5,0.3222222,True
15:44:33.776,(0.027247, -0.136687, 4.500000),0.04272982,0.5,0.3222222,True
15:44:33.791,(0.007405, -0.209439, 4.500000),0.04395068,0.5,0.3222222,True
15:44:33.791,(0.007405, -0.209439, 4.500000),0.04395068,0.5,0.3222222,True
15:44:33.815,(-0.012436, -0.242509, 4.500000),0.04395068,0.5,0.3222222,True
15:44:33.816,(-0.012436, -0.242509, 4.500000),0.04395068,0.5,0.3222222,True
15:44:33.838,(-0.058733, -0.295419, 4.500000),0.04248565,0.5,0.3277778,True
15:44:33.838,(-0.058733, -0.295419, 4.500000),0.04248565,0.5,0.3277778,True
15:44:33.855,(-0.151329, -0.368172, 4.500000),0.04321817,0.5,0.3222222,True
15:44:33.855,(-0.151329, -0.368172, 4.500000),0.04321817,0.5,0.3222222,True
15:44:33.873,(-0.237309, -0.421083, 4.500000),0.04468319,0.5,0.3222222,True
15:44:33.874,(-0.237309, -0.421083, 4.500000),0.04468319,0.5,0.3222222,True
15:44:33.895,(-0.343131, -0.460766, 4.500000),0.04883409,0.5,0.3222222,True
15:44:33.895,(-0.343131, -0.460766, 4.500000),0.04883409,0.5,0.3222222,True
15:44:33.911,(-0.475408, -0.487221, 4.500000),0.04602613,0.5,0.3277778,True
15:44:33.911,(-0.475408, -0.487221, 4.500000),0.04602613,0.5,0.3277778,True
15:44:33.940,(-0.561388, -0.507063, 4.500000),0.04773532,0.5,0.3277778,True
15:44:33.940,(-0.561388, -0.507063, 4.500000),0.04773532,0.5,0.3277778,True
15:44:33.960,(-0.726735, -0.526905, 4.500000),0.04761323,0.5,0.3277778,True
15:44:33.960,(-0.726735, -0.526905, 4.500000),0.04761323,0.5,0.3277778,True
15:44:34.336,(-0.832557, -0.526905, 4.500000),0,0,0.5,False
15:44:34.336,(-0.832557, -0.526905, 4.500000),0,0,0.5,False
15:44:34.351,(-0.528318, 0.537928, 4.500000),0,0,0.5,False
15:44:34.352,(-0.528318, 0.537928, 4.500000),0,0,0.5,False
15:44:34.379,(-0.528318, 0.557769, 4.500000),0,0,0.5,False
15:44:34.379,(-0.528318, 0.557769, 4.500000),0,0,0.5,False
15:44:35.190,(-0.528318, 0.551155, 4.500000),0,0,0.5,True
15:44:35.191,(-0.528318, 0.551155, 4.500000),0,0,0.5,True
15:44:35.207,(-0.528318, 0.551155, 4.500000),0,0.5,0.4388889,True
15:44:35.208,(-0.528318, 0.551155, 4.500000),0,0.5,0.4388889,True
15:44:35.227,(-0.528318, 0.551155, 4.500000),0,0.5,0.4333333,True
15:44:35.227,(-0.528318, 0.551155, 4.500000),0,0.5,0.4333333,True
