15:32:18.680,(-0.429111, 0.094799, 4.500000),0,0.5,0.4166667,True
15:32:18.680,(-0.429111, 0.094799, 4.500000),0,0.5,0.4166667,True
15:32:18.703,(-0.687052, 0.405650, 4.500000),0,0.5,0.4111111,True
15:32:18.703,(-0.687052, 0.405650, 4.500000),0,0.5,0.4111111,True
15:32:18.718,(-0.687052, 0.405650, 4.500000),0,0.5,0.4,True
15:32:18.718,(-0.687052, 0.405650, 4.500000),0,0.5,0.4,True
15:32:18.743,(-0.687052, 0.412264, 4.500000),0,0.5,0.4,True
15:32:18.743,(-0.687052, 0.412264, 4.500000),0,0.5,0.3833333,True
15:32:18.758,(-0.680437, 0.405650, 4.500000),0,0.5,0.3833333,True
15:32:18.759,(-0.680437, 0.405650, 4.500000),0,0.5,0.3833333,True
15:32:18.786,(-0.673823, 0.399037, 4.500000),0,0.5,0.3833333,True
15:32:18.787,(-0.673823, 0.399037, 4.500000),0.118911,0.5,0.3666667,True
15:32:18.807,(-0.653982, 0.385809, 4.500000),0.1201319,0.5,0.3611111,True
15:32:18.807,(-0.653982, 0.385809, 4.500000),0.1201319,0.5,0.3611111,True
15:32:18.826,(-0.634140, 0.372581, 4.500000),0.1197656,0.5,0.3611111,True
15:32:18.826,(-0.634140, 0.372581, 4.500000),0.1197656,0.5,0.3611111,True
15:32:18.840,(-0.607685, 0.346126, 4.500000),0.121841,0.5,0.35,True
15:32:18.840,(-0.607685, 0.346126, 4.500000),0.121841,0.5,0.35,True
15:32:18.866,(-0.587843, 0.332898, 4.500000),0.1222073,0.5,0.35,True
15:32:18.866,(-0.587843, 0.332898, 4.500000),0.1222073,0.5,0.35,True
15:32:18.882,(-0.541546, 0.293215, 4.500000),0.128922,0.5,0.3444445,True
15:32:18.883,(-0.541546, 0.293215, 4.500000),0.128922,0.5,0.3444445,True
15:32:18.909,(-0.501863, 0.253531, 4.500000),0.128922,0.5,0.3444445,True
15:32:18.909,(-0.501863, 0.253531, 4.500000),0.128922,0.5,0.3444445,True
15:32:18.931,(-0.462179, 0.220462, 4.500000),0.2209742,0.5,0.3333333,True
15:32:18.931,(-0.462179, 0.220462, 4.500000),0.2209742,0.5,0.3333333,True
15:32:18.947,(-0.402654, 0.174165, 4.500000),0.2303748,0.5,0.3333333,True
15:32:18.947,(-0.402654, 0.174165, 4.500000),0.2303748,0.5,0.3333333,True
15:32:18.963,(-0.376199, 0.147710, 4.500000),0.2303748,0.5,0.3333333,True
15:32:18.963,(-0.376199, 0.147710, 4.500000),0.2303748,0.5,0.3333333,True
15:32:18.988,(-0.336516, 0.121254, 4.500000),0.2303748,0.5,0.3333333,True
15:32:18.988,(-0.336516, 0.121254, 4.500000),0.2303748,0.5,0.3333333,True
15:32:19.005,(-0.296834, 0.081571, 4.500000),0.2809181,0.5,0.3388889,True
15:32:19.006,(-0.296834, 0.081571, 4.500000),0.2809181,0.5,0.3388889,True
15:32:19.027,(-0.263764, 0.041888, 4.500000),0.2923941,0.5,0.3388889,True
15:32:19.028,(-0.263764, 0.041888, 4.500000),0.2923941,0.5,0.3388889,True
15:32:19.049,(-0.230694, 0.008819, 4.500000),0.2923941,0.5,0.3388889,True
15:32:19.049,(-0.230694, 0.008819, 4.500000),0.2923941,0.5,0.3388889,True
15:32:19.071,(-0.197625, -0.030865, 4.500000),0.2923941,0.5,0.3388889,True
15:32:19.071,(-0.197625, -0.030865, 4.500000),0.2923941,0.5,0.3388889,True
15:32:19.085,(-0.171170, -0.083776, 4.500000),0.3364668,0.5,0.3333333,True
15:32:19.086,(-0.171170, -0.083776, 4.500000),0.3364668,0.5,0.3333333,True
15:32:19.107,(-0.157942, -0.103617, 4.500000),0.3522159,0.5,0.3388889,True
15:32:19.107,(-0.157942, -0.103617, 4.500000),0.3522159,0.5,0.3388889,True
15:32:19.128,(-0.144713, -0.143300, 4.500000),0.3622268,0.5,0.3388889,True
15:32:19.129,(-0.144713, -0.143300, 4.500000),0.3622268,0.5,0.3388889,True
15:32:19.155,(-0.131487, -0.182984, 4.500000),0.3876206,0.5,0.3388889,True
15:32:19.155,(-0.131487, -0.182984, 4.500000),0.3876206,0.5,0.3388889,True
15:32:19.176,(-0.124874, -0.235895, 4.500000),0.3999512,0.5,0.3388889,True
15:32:19.176,(-0.124874, -0.235895, 4.500000),0.3999512,0.5,0.3388889,True
15:32:19.194,(-0.124874, -0.268964, 4.500000),0.3999512,0.5,0.3388889,True
15:32:19.194,(-0.124874, -0.268964, 4.500000),0.3999512,0.5,0.3388889,True
15:32:19.208,(-0.138100, -0.302033, 4.500000),0.4193627,0.5,0.3333333,True
15:32:19.208,(-0.138100, -0.302033, 4.500000),0.4193627,0.5,0.3333333,True
15:32:19.235,(-0.151329, -0.328489, 4.500000),0.4302283,0.5,0.3333333,True
15:32:19.235,(-0.151329, -0.328489, 4.500000),0.4302283,0.5,0.3333333,True
15:32:19.253,(-0.191012, -0.368172, 4.500000),0.4429252,0.5,0.3388889,True
15:32:19.254,(-0.191012, -0.368172, 4.500000),0.4429252,0.5,0.3388889,True
15:32:19.279,(-0.230694, -0.394627, 4.500000),0.464168,0.5,0.3333333,True
15:32:19.280,(-0.230694, -0.394627, 4.500000),0.464168,0.5,0.3333333,True
15:32:19.301,(-0.303447, -0.427697, 4.500000),0.4830912,0.5,0.3333333,True
15:32:19.301,(-0.303447, -0.427697, 4.500000),0.4830912,0.5,0.3333333,True
15:32:19.316,(-0.376199, -0.447538, 4.500000),0.499939,0.5,0.3333333,True
15:32:19.317,(-0.376199, -0.447538, 4.500000),0.499939,0.5,0.3333333,True
15:32:19.333,(-0.455566, -0.460766, 4.500000),0.499939,0.5,0.3333333,True
15:32:19.333,(-0.455566, -0.460766, 4.500000),0.499939,0.5,0.3333333,True
15:32:19.357,(-0.515091, -0.473994, 4.500000),0.5314369,0.5,0.3333333,True
15:32:19.357,(-0.515091, -0.473994, 4.500000),0.5314369,0.5,0.3333333,True
15:32:19.373,(-0.640755, -0.493835, 4.500000),0.5314369,0.5,0.3333333,True
15:32:19.373,(-0.640755, -0.493835, 4.500000),0.5314369,0.5,0.3333333,True
15:32:19.401,(-0.700278, -0.500449, 4.500000),0.5574411,0.5,0.3333333,True
15:32:19.401,(-0.700278, -0.500449, 4.500000),0.5574411,0.5,0.3333333,True
15:32:19.421,(-0.839171, -0.500449, 4.500000),0.5736784,0.5,0.3333333,True
15:32:19.421,(-0.839171, -0.500449, 4.500000),0.5736784,0.5,0.3333333,True
15:32:19.440,(-0.938379, -0.500449, 4.500000),0.6156757,0.5,0.3333333,True
15:32:19.440,(-0.938379, -0.500449, 4.500000),0.6156757,0.5,0.3333333,True
15:32:19.458,(-1.044199, -0.487222, 4.500000),0.6387498,0.5,0.3333333,True
15:32:19.458,(-1.044199, -0.487222, 4.500000),0.6387498,0.5,0.3333333,True
15:32:19.476,(-1.123566, -0.460766, 4.500000),0.6387498,0.5,0.3333333,True
15:32:19.476,(-1.123566, -0.460766, 4.500000),0.6387498,0.5,0.3333333,True
15:32:19.977,(-1.176478, -0.447538, 4.500000),0,0.5,0.4388889,True
15:32:19.978,(-1.176478, -0.447538, 4.500000),0,0.5,0.4388889,True
15:32:20.002,(-0.898696, 0.650364, 4.500000),0,0.5,0.4388889,True
15:32:20.002,(-0.898696, 0.650364, 4.500000),0,0.5,0.4388889,True
15:32:20.024,(-0.898696, 0.650364, 4.500000),0,0.5,0.4333333,True
15:32:20.024,(-0.898696, 0.650364, 4.500000),0,0.5,0.4333333,True
15:32:20.815,(-0.898696, 0.643750, 4.500000),0,0.5,0.3666667,True
15:32:20.815,(-0.898696, 0.643750, 4.500000),0,0.5,0.3666667,True
15:32:20.829,(-0.898696, 0.643750, 4.500000),0,0.5,0.3666667,True
15:32:20.830,(-0.898696, 0.643750, 4.500000),0,0.5,0.3666667,True
15:32:20.848,(-0.898696, 0.643750, 4.500000),0,0.5,0.4666667,True
15:32:20.848,(-0.898696, 0.643750, 4.500000),0,0.5,0.4666667,True
