13:39:08.525,(-2.419885, -0.315261, 4.500000),0,0,0.5,True
13:39:08.526,(-2.419885, -0.315261, 4.500000),0,0,0.5,True
13:39:08.549,(-2.089190, -0.381400, 4.500000),0,0,0.5,True
13:39:08.549,(-2.089190, -0.381400, 4.500000),0,0,0.5,True
13:39:08.569,(-2.089190, -0.368172, 4.500000),0,0,0.5,True
13:39:08.570,(-2.089190, -0.368172, 4.500000),0,0,0.5,True
13:39:08.585,(-2.095806, -0.361558, 4.500000),0,0,0.5,True
13:39:08.586,(-2.095806, -0.361558, 4.500000),0,0,0.5,True
13:39:08.598,(-2.102419, -0.354944, 4.500000),0,0,0.5,True
13:39:08.598,(-2.102419, -0.354944, 4.500000),0,0,0.5,True
13:39:08.612,(-2.115648, -0.354944, 4.500000),0,0,0.5,True
13:39:08.613,(-2.115648, -0.354944, 4.500000),0,0,0.5,True
13:39:08.624,(-2.128874, -0.354944, 4.500000),0.2353803,0.5,0.4944444,True
13:39:08.626,(-2.128874, -0.354944, 4.500000),0.2353803,0.5,0.4944444,True
13:39:08.649,(-2.142102, -0.354944, 4.500000),0.237822,0.5,0.4888889,True
13:39:08.650,(-2.142102, -0.354944, 4.500000),0.237822,0.5,0.4888889,True
13:39:08.671,(-2.155329, -0.354944, 4.500000),0.237822,0.5,0.4888889,True
13:39:08.671,(-2.155329, -0.354944, 4.500000),0.237822,0.5,0.4888889,True
13:39:08.688,(-2.188399, -0.354944, 4.500000),0.237822,0.5,0.4888889,True
13:39:08.689,(-2.188399, -0.354944, 4.500000),0.237822,0.5,0.4888889,True
13:39:08.702,(-2.208241, -0.354944, 4.500000),0.237822,0.5,0.4888889,True
13:39:08.703,(-2.208241, -0.354944, 4.500000),0.237822,0.5,0.4888889,True
13:39:08.718,(-2.221467, -0.354944, 4.500000),0.2411183,0.5313889,0.4666667,True
13:39:08.718,(-2.221467, -0.354944, 4.500000),0.2411183,0.5313889,0.4666667,True
13:39:08.734,(-2.234696, -0.361558, 4.500000),0.2411183,0.5313889,0.4666667,True
13:39:08.735,(-2.234696, -0.361558, 4.500000),0.2411183,0.5313889,0.4666667,True
13:39:08.757,(-2.247924, -0.368172, 4.500000),0.2481992,0.5225,0.4555556,True
13:39:08.758,(-2.247924, -0.368172, 4.500000),0.2481992,0.5225,0.4555556,True
13:39:08.777,(-2.261151, -0.381400, 4.500000),0.2481992,0.5225,0.4555556,True
13:39:08.777,(-2.261151, -0.381400, 4.500000),0.2481992,0.5225,0.4555556,True
13:39:08.794,(-2.267766, -0.394627, 4.500000),0.2538152,0.5158333,0.4388889,True
13:39:08.794,(-2.267766, -0.394627, 4.500000),0.2538152,0.5158333,0.4388889,True
13:39:08.806,(-2.267766, -0.407855, 4.500000),0.2567452,0.5158333,0.4388889,True
13:39:08.806,(-2.267766, -0.407855, 4.500000),0.2567452,0.5158333,0.4388889,True
13:39:08.827,(-2.267766, -0.414469, 4.500000),0.2575998,0.5158333,0.4388889,True
13:39:08.827,(-2.267766, -0.414469, 4.500000),0.2575998,0.5158333,0.4388889,True
13:39:08.841,(-2.254538, -0.434311, 4.500000),0.2583323,0.5158333,0.4388889,True
13:39:08.841,(-2.254538, -0.434311, 4.500000),0.2583323,0.5158333,0.4388889,True
13:39:08.865,(-2.241309, -0.447538, 4.500000),0.2595532,0.5,0.4444444,True
13:39:08.866,(-2.241309, -0.447538, 4.500000),0.2595532,0.5,0.4444444,True
13:39:08.888,(-2.208241, -0.460766, 4.500000),0.2595532,0.5,0.4444444,True
13:39:08.889,(-2.208241, -0.460766, 4.500000),0.2595532,0.5,0.4444444,True
13:39:08.903,(-2.161944, -0.487221, 4.500000),0.2633378,0.5,0.45,True
13:39:08.903,(-2.161944, -0.487221, 4.500000),0.2633378,0.5,0.45,True
13:39:08.914,(-2.135487, -0.500449, 4.500000),0.2633378,0.5,0.45,True
13:39:08.914,(-2.135487, -0.500449, 4.500000),0.2633378,0.5,0.45,True
13:39:08.933,(-2.115648, -0.513677, 4.500000),0.2662679,0.5,0.45,True
13:39:08.933,(-2.115648, -0.513677, 4.500000),0.2662679,0.5,0.45,True
13:39:08.945,(-2.089190, -0.526905, 4.500000),0.2662679,0.5,0.45,True
13:39:08.946,(-2.089190, -0.526905, 4.500000),0.2662679,0.5,0.45,True
13:39:08.965,(-2.069349, -0.533519, 4.500000),0.2662679,0.5,0.4555556,True
13:39:08.966,(-2.069349, -0.533519, 4.500000),0.2662679,0.5,0.4555556,True
13:39:08.988,(-2.056122, -0.540133, 4.500000),0.2684654,0.5,0.4555556,True
13:39:08.988,(-2.056122, -0.540133, 4.500000),0.2684654,0.5,0.4555556,True
13:39:09.005,(-2.036281, -0.553360, 4.500000),0.3011842,0.5,0.4555556,True
13:39:09.005,(-2.036281, -0.553360, 4.500000),0.3011842,0.5,0.4555556,True
13:39:09.017,(-2.036281, -0.566588, 4.500000),0.3011842,0.5,0.4555556,True
13:39:09.017,(-2.036281, -0.566588, 4.500000),0.3011842,0.5,0.4555556,True
13:39:09.032,(-2.036281, -0.579816, 4.500000),0.3011842,0.5,0.4555556,True
13:39:09.032,(-2.036281, -0.579816, 4.500000),0.3011842,0.5,0.4555556,True
13:39:09.045,(-2.036280, -0.599657, 4.500000),0.3555121,0.5197222,0.45,True
13:39:09.046,(-2.036280, -0.599657, 4.500000),0.3555121,0.5197222,0.45,True
13:39:09.066,(-2.049507, -0.612885, 4.500000),0.3645464,0.5197222,0.45,True
13:39:09.066,(-2.049507, -0.612885, 4.500000),0.3645464,0.5197222,0.45,True
13:39:09.085,(-2.062736, -0.632727, 4.500000),0.3645464,0.5197222,0.45,True
13:39:09.085,(-2.062736, -0.632727, 4.500000),0.3645464,0.5197222,0.45,True
13:39:09.101,(-2.102419, -0.652568, 4.500000),0.373947,0.5197222,0.45,True
13:39:09.102,(-2.102419, -0.652568, 4.500000),0.373947,0.5197222,0.45,True
13:39:09.114,(-2.128874, -0.659182, 4.500000),0.3743133,0.5197222,0.45,True
13:39:09.114,(-2.128874, -0.659182, 4.500000),0.3743133,0.5197222,0.45,True
13:39:09.131,(-2.155329, -0.672410, 4.500000),0.3745574,0.5197222,0.45,True
13:39:09.132,(-2.155329, -0.672410, 4.500000),0.3745574,0.5197222,0.45,True
13:39:09.146,(-2.195013, -0.672410, 4.500000),0.3745574,0.5197222,0.45,True
13:39:09.147,(-2.195013, -0.672410, 4.500000),0.3745574,0.5197222,0.45,True
13:39:09.166,(-2.254538, -0.679024, 4.500000),0.3756562,0.5225,0.4555556,True
13:39:09.166,(-2.254538, -0.679024, 4.500000),0.3756562,0.5225,0.4555556,True
13:39:09.187,(-2.294221, -0.679024, 4.500000),0.3766329,0.5261111,0.4611111,True
13:39:09.187,(-2.294221, -0.679024, 4.500000),0.3766329,0.5261111,0.4611111,True
13:39:09.204,(-2.373589, -0.672410, 4.500000),0.3766329,0.5261111,0.4611111,True
13:39:09.204,(-2.373589, -0.672410, 4.500000),0.3766329,0.5261111,0.4611111,True
13:39:09.216,(-2.406657, -0.665796, 4.500000),0.3765108,0.5313889,0.4666667,True
13:39:09.217,(-2.406657, -0.665796, 4.500000),0.3765108,0.5313889,0.4666667,True
13:39:09.233,(-2.446340, -0.659182, 4.500000),0.3771212,0.5313889,0.4666667,True
13:39:09.233,(-2.446340, -0.659182, 4.500000),0.3771212,0.5313889,0.4666667,True
13:39:09.250,(-2.492636, -0.639340, 4.500000),0.3783421,0.5,0.4777778,True
13:39:09.250,(-2.492636, -0.639340, 4.500000),0.3783421,0.5,0.4777778,True
13:39:09.274,(-2.532321, -0.619499, 4.500000),0.3761446,0.5,0.4777778,True
13:39:09.274,(-2.532321, -0.619499, 4.500000),0.3761446,0.5,0.4777778,True
13:39:09.295,(-2.558775, -0.593043, 4.500000),0.3760225,0.5,0.4833333,True
13:39:09.295,(-2.558775, -0.593043, 4.500000),0.3760225,0.5,0.4833333,True
13:39:09.311,(-2.578617, -0.566588, 4.500000),0.3772433,0.5,0.4833333,True
13:39:09.311,(-2.578617, -0.566588, 4.500000),0.3772433,0.5,0.4833333,True
13:39:09.324,(-2.585231, -0.520291, 4.500000),0.3772433,0.5,0.4833333,True
13:39:09.324,(-2.585231, -0.520291, 4.500000),0.3772433,0.5,0.4833333,True
13:39:09.345,(-2.585231, -0.487222, 4.500000),0.3876206,0.5,0.4833333,True
13:39:09.345,(-2.585231, -0.487222, 4.500000),0.3876206,0.5,0.4833333,True
13:39:09.359,(-2.578617, -0.440924, 4.500000),0.3876206,0.5,0.4833333,True
13:39:09.359,(-2.578617, -0.440924, 4.500000),0.3876206,0.5,0.4833333,True
13:39:09.386,(-2.578617, -0.407855, 4.500000),0.3876206,0.5,0.4833333,True
13:39:09.386,(-2.578617, -0.407855, 4.500000),0.4314491,0.5,0.4777778,True
13:39:09.406,(-2.565388, -0.368172, 4.500000),0.5141008,0.5,0.4722222,True
13:39:09.406,(-2.565388, -0.368172, 4.500000),0.5141008,0.5,0.4722222,True
13:39:09.423,(-2.532320, -0.302033, 4.500000),0.5723355,0.5,0.4722222,True
13:39:09.423,(-2.532320, -0.302033, 4.500000),0.5723355,0.5,0.4722222,True
13:39:09.435,(-2.505865, -0.275578, 4.500000),0.6221462,0.5,0.4722222,True
13:39:09.435,(-2.505865, -0.275578, 4.500000),0.6221462,0.5,0.4722222,True
13:39:09.891,(-2.472795, -0.255736, 4.500000),0,0.5,0.4944444,True
13:39:09.891,(-2.472795, -0.255736, 4.500000),0,0.5,0.4944444,True
13:39:09.909,(-2.161944, -0.831143, 4.500000),0,0,0.5,True
13:39:09.909,(-2.161944, -0.831143, 4.500000),0,0,0.5,True
13:39:09.928,(-2.161944, -0.831143, 4.500000),0,0,0.5,True
13:39:09.928,(-2.161944, -0.831143, 4.500000),0,0,0.5,True
13:39:09.948,(-2.161944, -0.831143, 4.500000),0,0,0.5,True
13:39:09.949,(-2.161944, -0.831143, 4.500000),0,0,0.5,True
13:39:09.964,(-2.181786, -0.831143, 4.500000),0,0,0.5,True
13:39:09.964,(-2.181786, -0.831143, 4.500000),0,0,0.5,True
13:39:09.980,(-2.201626, -0.831143, 4.500000),0,0,0.5,True
13:39:09.981,(-2.201626, -0.831143, 4.500000),0,0,0.5,True
13:39:09.996,(-2.214854, -0.831143, 4.500000),0.1728727,0,0.5,True
13:39:09.997,(-2.214854, -0.831143, 4.500000),0.1728727,0,0.5,True
13:39:10.009,(-2.234696, -0.831142, 4.500000),0.1720181,0,0.5,True
13:39:10.009,(-2.234696, -0.831142, 4.500000),0.1720181,0,0.5,True
13:39:10.029,(-2.254538, -0.831143, 4.500000),0.1711635,0,0.5,True
13:39:10.030,(-2.254538, -0.831143, 4.500000),0.1711635,0,0.5,True
13:39:10.049,(-2.274379, -0.831143, 4.500000),0.1739714,0,0.5,True
13:39:10.050,(-2.274379, -0.831143, 4.500000),0.1739714,0,0.5,True
13:39:10.065,(-2.340518, -0.831143, 4.500000),0.1826395,0,0.5,True
13:39:10.065,(-2.340518, -0.831143, 4.500000),0.1826395,0,0.5,True
13:39:10.076,(-2.366973, -0.831143, 4.500000),0.1826395,0,0.5,True
13:39:10.077,(-2.366973, -0.831143, 4.500000),0.1826395,0,0.5,True
13:39:10.094,(-2.393428, -0.831143, 4.500000),0.236357,0,0.5,True
13:39:10.094,(-2.393428, -0.831143, 4.500000),0.236357,0,0.5,True
13:39:10.107,(-2.419885, -0.831143, 4.500000),0.2516176,0,0.5,True
13:39:10.107,(-2.419885, -0.831143, 4.500000),0.2516176,0,0.5,True
13:39:10.131,(-2.433112, -0.831143, 4.500000),0.328043,0,0.5,True
13:39:10.131,(-2.433112, -0.831143, 4.500000),0.328043,0,0.5,True
13:39:10.153,(-2.446340, -0.831143, 4.500000),0.3288976,0,0.5,True
13:39:10.155,(-2.446340, -0.831143, 4.500000),0.3288976,0,0.5,True
13:39:10.168,(-2.446340, -0.837757, 4.500000),0.3288976,0,0.5,True
13:39:10.168,(-2.446340, -0.837757, 4.500000),0.3288976,0,0.5,True
13:39:10.182,(-2.446340, -0.837757, 4.500000),0.3288976,0,0.5,True
13:39:10.182,(-2.446340, -0.837757, 4.500000),0.3288976,0,0.5,True
13:39:11.510,(-2.446340, -0.831143, 4.500000),0,0,0.5,True
13:39:11.510,(-2.446340, -0.831143, 4.500000),0,0,0.5,True
13:39:11.525,(-2.446340, -0.831143, 4.500000),0,0,0.5,True
13:39:11.525,(-2.446340, -0.831143, 4.500000),0,0,0.5,True
13:39:11.542,(-2.446340, -0.831143, 4.500000),0,0,0.5,True
13:39:11.542,(-2.446340, -0.831143, 4.500000),0,0,0.5,True
13:39:11.557,(-2.446340, -0.831143, 4.500000),0,0,0.5,True
13:39:11.557,(-2.446340, -0.831143, 4.500000),0,0,0.5,True
