14:06:09.169,(-2.009825, -0.149914, 4.500000),0,0,0.5,True
14:06:09.170,(-2.009825, -0.149914, 4.500000),0,0,0.5,True
14:06:09.192,(-1.897388, -0.308647, 4.500000),0,0,0.5,True
14:06:09.193,(-1.897388, -0.308647, 4.500000),0,0,0.5,True
14:06:09.215,(-1.890775, -0.308647, 4.500000),0,0,0.5,True
14:06:09.215,(-1.890775, -0.308647, 4.500000),0,0,0.5,True
14:06:09.230,(-1.897388, -0.302033, 4.500000),0,0,0.5,True
14:06:09.230,(-1.897388, -0.302033, 4.500000),0,0,0.5,True
14:06:09.241,(-1.904003, -0.302033, 4.500000),0,0,0.5,True
14:06:09.241,(-1.904003, -0.302033, 4.500000),0,0,0.5,True
14:06:09.259,(-1.904003, -0.302033, 4.500000),0,0,0.5,True
14:06:09.260,(-1.904003, -0.302033, 4.500000),0,0,0.5,True
14:06:09.274,(-1.917230, -0.302033, 4.500000),0,0,0.5,True
14:06:09.275,(-1.917230, -0.302033, 4.500000),0,0,0.5,True
14:06:09.296,(-1.930458, -0.302033, 4.500000),0.1917959,0.5,0.4944444,True
14:06:09.297,(-1.930458, -0.302033, 4.500000),0.1917959,0.5,0.4944444,True
14:06:09.317,(-1.956913, -0.302033, 4.500000),0.2162129,0.5,0.4888889,True
14:06:09.317,(-1.956913, -0.302033, 4.500000),0.2162129,0.5,0.4888889,True
14:06:09.331,(-1.996597, -0.302033, 4.500000),0.2596753,0.5,0.4888889,True
14:06:09.332,(-1.996597, -0.302033, 4.500000),0.2596753,0.5,0.4888889,True
14:06:09.344,(-2.023052, -0.302033, 4.500000),0.3110731,0.5,0.4833333,True
14:06:09.345,(-2.023052, -0.302033, 4.500000),0.3110731,0.5,0.4833333,True
14:06:09.359,(-2.036280, -0.308647, 4.500000),0.3110731,0.5,0.4833333,True
14:06:09.359,(-2.036280, -0.308647, 4.500000),0.3110731,0.5,0.4833333,True
14:06:09.371,(-2.062736, -0.315261, 4.500000),0.3110731,0.5,0.4833333,True
14:06:09.372,(-2.062736, -0.315261, 4.500000),0.3110731,0.5,0.4833333,True
14:06:09.395,(-2.075964, -0.328489, 4.500000),0.3914052,0.5,0.4777778,True
14:06:09.396,(-2.075964, -0.328489, 4.500000),0.3914052,0.5,0.4777778,True
14:06:09.415,(-2.082577, -0.341716, 4.500000),0.3914052,0.5,0.4777778,True
14:06:09.415,(-2.082577, -0.341716, 4.500000),0.3914052,0.5,0.4777778,True
14:06:09.430,(-2.082577, -0.368172, 4.500000),0.3914052,0.5,0.4777778,True
14:06:09.430,(-2.082577, -0.368172, 4.500000),0.3914052,0.5,0.4777778,True
14:06:09.445,(-2.075964, -0.381400, 4.500000),0.4931022,0.5,0.4666667,True
14:06:09.446,(-2.075964, -0.381400, 4.500000),0.4931022,0.5,0.4666667,True
14:06:09.468,(-2.062736, -0.407855, 4.500000),0.4931022,0.5,0.4666667,True
14:06:09.468,(-2.062736, -0.407855, 4.500000),0.4955439,0.5,0.4666667,True
14:06:09.483,(-2.036281, -0.434311, 4.500000),0.4955439,0.5,0.4666667,True
14:06:09.483,(-2.036281, -0.434311, 4.500000),0.4955439,0.5,0.4666667,True
14:06:09.507,(-2.009825, -0.447538, 4.500000),0.4976193,0.5,0.4666667,True
14:06:09.508,(-2.009825, -0.447538, 4.500000),0.4976193,0.5,0.4666667,True
14:06:09.529,(-1.976755, -0.487221, 4.500000),0.4982298,0.5,0.4666667,True
14:06:09.529,(-1.976755, -0.487221, 4.500000),0.4982298,0.5,0.4666667,True
14:06:09.542,(-1.943687, -0.513677, 4.500000),0.4989623,0.5,0.4722222,True
14:06:09.544,(-1.943687, -0.513677, 4.500000),0.4989623,0.5,0.4722222,True
14:06:09.555,(-1.930458, -0.533519, 4.500000),0.4989623,0.5,0.4722222,True
14:06:09.555,(-1.930458, -0.533519, 4.500000),0.4989623,0.5,0.4722222,True
14:06:09.571,(-1.923845, -0.540133, 4.500000),0.5929679,0.5,0.4722222,True
14:06:09.572,(-1.923845, -0.540133, 4.500000),0.5929679,0.5,0.4722222,True
14:06:09.589,(-1.917230, -0.559974, 4.500000),0.6072519,0.5,0.4833333,True
14:06:09.589,(-1.917230, -0.559974, 4.500000),0.6072519,0.5,0.4833333,True
14:06:09.613,(-1.917230, -0.579816, 4.500000),0.6748871,0.5,0.4888889,True
14:06:09.614,(-1.917230, -0.579816, 4.500000),0.6748871,0.5,0.4888889,True
14:06:09.633,(-1.930458, -0.606271, 4.500000),0.7742645,0.5,0.4888889,True
14:06:09.634,(-1.930458, -0.606271, 4.500000),0.7742645,0.5,0.4888889,True
14:06:09.651,(-1.950300, -0.626113, 4.500000),0.7742645,0.5,0.4888889,True
14:06:09.651,(-1.950300, -0.626113, 4.500000),0.7742645,0.5,0.4888889,True
14:06:09.664,(-1.983369, -0.645954, 4.500000),0.8204126,0.5,0.4944444,True
14:06:09.664,(-1.983369, -0.645954, 4.500000),0.8204126,0.5,0.4944444,True
14:06:09.679,(-2.009826, -0.659182, 4.500000),0.8204126,0.5,0.4944444,True
14:06:09.679,(-2.009826, -0.659182, 4.500000),0.8204126,0.5,0.4944444,True
14:06:09.691,(-2.042894, -0.672410, 4.500000),0.8204126,0.5,0.4944444,True
14:06:09.691,(-2.042894, -0.672410, 4.500000),0.8204126,0.5,0.4944444,True
14:06:09.709,(-2.075964, -0.672410, 4.500000),0.8204126,0.5,0.4944444,True
14:06:09.710,(-2.075964, -0.672410, 4.500000),0.8204126,0.5,0.4944444,True
14:06:09.729,(-2.109032, -0.679024, 4.500000),0.8661946,0,0.5,True
14:06:09.729,(-2.109032, -0.679024, 4.500000),0.8661946,0,0.5,True
14:06:09.744,(-2.181786, -0.679024, 4.500000),0.9489684,0,0.5,True
14:06:09.745,(-2.181786, -0.679024, 4.500000),0.9489684,0,0.5,True
14:06:09.757,(-2.221467, -0.672410, 4.500000),0.9489684,0,0.5,True
14:06:09.757,(-2.221467, -0.672410, 4.500000),0.9489684,0,0.5,True
14:06:09.773,(-2.261151, -0.659182, 4.500000),0.9489684,0,0.5,True
14:06:09.773,(-2.261151, -0.659182, 4.500000),0.9489684,0,0.5,True
14:06:09.786,(-2.307450, -0.645954, 4.500000),0.9489684,0,0.5,True
14:06:09.787,(-2.307450, -0.645954, 4.500000),0.9489684,0,0.5,True
14:06:09.809,(-2.347131, -0.619499, 4.500000),0.9489684,0,0.5,True
14:06:09.809,(-2.347131, -0.619499, 4.500000),0.9489684,0,0.5,True
14:06:09.828,(-2.400043, -0.566588, 4.500000),0.9489684,0,0.5,True
14:06:09.829,(-2.400043, -0.566588, 4.500000),0.9489684,0,0.5,True
14:06:09.844,(-2.446340, -0.487221, 4.500000),1,0,0.5,True
14:06:09.844,(-2.446340, -0.487221, 4.500000),1,0,0.5,True
14:06:09.855,(-2.452953, -0.447538, 4.500000),1,0,0.5,True
14:06:09.856,(-2.452953, -0.447538, 4.500000),1,0,0.5,True
14:06:09.872,(-2.452953, -0.414469, 4.500000),1,0,0.5,True
14:06:09.872,(-2.452953, -0.414469, 4.500000),1,0,0.5,True
14:06:09.887,(-2.452954, -0.381400, 4.500000),1,0,0.5,True
14:06:09.888,(-2.452954, -0.381400, 4.500000),1,0,0.5,True
14:06:09.906,(-2.433112, -0.321875, 4.500000),1,0,0.5,True
14:06:09.907,(-2.433112, -0.321875, 4.500000),1,0,0.5,True
14:06:09.925,(-2.419885, -0.288806, 4.500000),1,0,0.5,True
14:06:09.926,(-2.419885, -0.288806, 4.500000),1,0,0.5,True
14:06:10.425,(-2.386815, -0.249122, 4.500000),0,0,0.5,True
14:06:10.425,(-2.386815, -0.249122, 4.500000),0,0,0.5,True
14:06:10.442,(-1.970142, -0.831142, 4.500000),0,0,0.5,True
14:06:10.442,(-1.970142, -0.831142, 4.500000),0,0,0.5,True
14:06:10.460,(-1.970142, -0.831142, 4.500000),0,0,0.5,True
14:06:10.460,(-1.970142, -0.831142, 4.500000),0,0,0.5,True
14:06:10.469,(-1.970142, -0.831142, 4.500000),0,0,0.5,True
14:06:10.470,(-1.970142, -0.831142, 4.500000),0,0,0.5,True
14:06:10.499,(-1.970142, -0.831142, 4.500000),0,0,0.5,True
14:06:10.499,(-1.970142, -0.831142, 4.500000),0,0,0.5,True
14:06:10.522,(-1.983368, -0.831143, 4.500000),0.336711,0,0.5,True
14:06:10.522,(-1.983368, -0.831143, 4.500000),0.336711,0,0.5,True
14:06:10.537,(-2.003210, -0.831143, 4.500000),0.3774875,0,0.5,True
14:06:10.538,(-2.003210, -0.831143, 4.500000),0.3774875,0,0.5,True
14:06:10.552,(-2.016439, -0.824529, 4.500000),0.3774875,0,0.5,True
14:06:10.552,(-2.016439, -0.824529, 4.500000),0.3774875,0,0.5,True
14:06:10.566,(-2.042894, -0.817915, 4.500000),0.3541692,0,0.5,True
14:06:10.567,(-2.042894, -0.817915, 4.500000),0.3541692,0,0.5,True
14:06:10.581,(-2.062736, -0.817915, 4.500000),0.3625931,0,0.5,True
14:06:10.581,(-2.062736, -0.817915, 4.500000),0.3625931,0,0.5,True
14:06:10.603,(-2.095806, -0.817915, 4.500000),0.4572091,0,0.5,True
14:06:10.604,(-2.095806, -0.817915, 4.500000),0.4572091,0,0.5,True
14:06:10.624,(-2.148716, -0.817915, 4.500000),0.6866072,0,0.5,True
14:06:10.625,(-2.148716, -0.817915, 4.500000),0.6866072,0,0.5,True
14:06:10.641,(-2.195013, -0.817915, 4.500000),0.6866072,0,0.5,True
14:06:10.641,(-2.195013, -0.817915, 4.500000),0.6866072,0,0.5,True
14:06:10.655,(-2.247924, -0.824529, 4.500000),1,0,0.5,True
14:06:10.655,(-2.247924, -0.824529, 4.500000),1,0,0.5,True
14:06:11.890,(-2.274379, -0.831143, 4.500000),0,0,0.5,True
14:06:11.891,(-2.274379, -0.831143, 4.500000),0,0,0.5,True
14:06:11.907,(-2.274379, -0.831143, 4.500000),0,0,0.5,True
14:06:11.907,(-2.274379, -0.831143, 4.500000),0,0,0.5,True
14:06:11.922,(-2.274379, -0.831143, 4.500000),0,0,0.5,True
14:06:11.923,(-2.274379, -0.831143, 4.500000),0,0,0.5,True
