14:07:59.911,(-2.274379, -0.209439, 4.500000),0,0,0.5,True
14:07:59.911,(-2.274379, -0.209439, 4.500000),0,0,0.5,True
14:07:59.929,(-2.003210, -0.321875, 4.500000),0,0,0.5,True
14:07:59.929,(-2.003210, -0.321875, 4.500000),0,0,0.5,True
14:07:59.949,(-2.003210, -0.321875, 4.500000),0,0,0.5,True
14:07:59.949,(-2.003210, -0.321875, 4.500000),0,0,0.5,True
14:07:59.965,(-2.003210, -0.315261, 4.500000),0,0,0.5,True
14:07:59.965,(-2.003210, -0.315261, 4.500000),0,0,0.5,True
14:07:59.978,(-2.003210, -0.308647, 4.500000),0,0,0.5,True
14:07:59.978,(-2.003210, -0.308647, 4.500000),0,0,0.5,True
14:07:59.994,(-2.009826, -0.302033, 4.500000),0,0,0.5,True
14:07:59.996,(-2.009826, -0.302033, 4.500000),0,0,0.5,True
14:08:00.009,(-2.016439, -0.288806, 4.500000),0,0,0.5,True
14:08:00.009,(-2.016439, -0.288806, 4.500000),0,0,0.5,True
14:08:00.032,(-2.023052, -0.288806, 4.500000),0.1225736,0,0.5,True
14:08:00.033,(-2.023052, -0.288806, 4.500000),0.1225736,0,0.5,True
14:08:00.057,(-2.029665, -0.282192, 4.500000),0.1769015,0,0.5,True
14:08:00.058,(-2.029665, -0.282192, 4.500000),0.1769015,0,0.5,True
14:08:00.072,(-2.069349, -0.275578, 4.500000),0.1769015,0,0.5,True
14:08:00.073,(-2.069349, -0.275578, 4.500000),0.1769015,0,0.5,True
14:08:00.086,(-2.089190, -0.275578, 4.500000),0.4032475,0,0.5,True
14:08:00.086,(-2.089190, -0.275578, 4.500000),0.4032475,0,0.5,True
14:08:00.105,(-2.115647, -0.282192, 4.500000),0.415456,0.5,0.4944444,True
14:08:00.105,(-2.115647, -0.282192, 4.500000),0.415456,0.5,0.4944444,True
14:08:00.121,(-2.155329, -0.302033, 4.500000),0.413991,0.5,0.4944444,True
14:08:00.121,(-2.155329, -0.302033, 4.500000),0.413991,0.5,0.4944444,True
14:08:00.143,(-2.175171, -0.315261, 4.500000),0.413991,0.5,0.4944444,True
14:08:00.144,(-2.175171, -0.315261, 4.500000),0.413991,0.5,0.4944444,True
14:08:00.165,(-2.195012, -0.335103, 4.500000),0.413991,0.5,0.4944444,True
14:08:00.165,(-2.195012, -0.335103, 4.500000),0.413991,0.5,0.4944444,True
14:08:00.180,(-2.195013, -0.368172, 4.500000),0.4152118,0.5,0.4833333,True
14:08:00.181,(-2.195013, -0.368172, 4.500000),0.4152118,0.5,0.4833333,True
14:08:00.193,(-2.188399, -0.394627, 4.500000),0.4099621,0.5,0.4833333,True
14:08:00.193,(-2.188399, -0.394627, 4.500000),0.4099621,0.5,0.4833333,True
14:08:00.209,(-2.168558, -0.414469, 4.500000),0.4099621,0.5,0.4833333,True
14:08:00.209,(-2.168558, -0.414469, 4.500000),0.4099621,0.5,0.4833333,True
14:08:00.224,(-2.135488, -0.447538, 4.500000),0.4071542,0.5,0.4833333,True
14:08:00.224,(-2.135488, -0.447538, 4.500000),0.4071542,0.5,0.4833333,True
14:08:00.246,(-2.109033, -0.467380, 4.500000),0.4282749,0.5,0.4833333,True
14:08:00.247,(-2.109033, -0.467380, 4.500000),0.4282749,0.5,0.4833333,True
14:08:00.270,(-2.062736, -0.500449, 4.500000),0.4282749,0.5,0.4833333,True
14:08:00.270,(-2.062736, -0.500449, 4.500000),0.4282749,0.5,0.4833333,True
14:08:00.284,(-2.009826, -0.533519, 4.500000),0.4279087,0.5,0.4833333,True
14:08:00.285,(-2.009826, -0.533519, 4.500000),0.4279087,0.5,0.4833333,True
14:08:00.296,(-1.989983, -0.553360, 4.500000),0.4279087,0.5,0.4833333,True
14:08:00.296,(-1.989983, -0.553360, 4.500000),0.4279087,0.5,0.4833333,True
14:08:00.313,(-1.976755, -0.566588, 4.500000),0.4352338,0.5,0.4888889,True
14:08:00.314,(-1.976755, -0.566588, 4.500000),0.4352338,0.5,0.4888889,True
14:08:00.325,(-1.963527, -0.579816, 4.500000),0.4385301,0.5,0.4888889,True
14:08:00.326,(-1.963527, -0.579816, 4.500000),0.4385301,0.5,0.4888889,True
14:08:00.345,(-1.956913, -0.599657, 4.500000),0.4385301,0.5,0.4888889,True
14:08:00.345,(-1.956913, -0.599657, 4.500000),0.4385301,0.5,0.4888889,True
14:08:00.363,(-1.970142, -0.626113, 4.500000),0.6219021,0.5,0.4944444,True
14:08:00.364,(-1.970142, -0.626113, 4.500000),0.6219021,0.5,0.4944444,True
14:08:00.380,(-1.983369, -0.652568, 4.500000),0.6219021,0.5,0.4944444,True
14:08:00.381,(-1.983369, -0.652568, 4.500000),0.6219021,0.5,0.4944444,True
14:08:00.392,(-2.023052, -0.672410, 4.500000),0.6465633,0,0.5,True
14:08:00.393,(-2.023052, -0.672410, 4.500000),0.6465633,0,0.5,True
14:08:00.409,(-2.036281, -0.685638, 4.500000),0.6507142,0,0.5,True
14:08:00.410,(-2.036281, -0.685638, 4.500000),0.6507142,0,0.5,True
14:08:00.424,(-2.095806, -0.698865, 4.500000),0.6807472,0,0.5,True
14:08:00.425,(-2.095806, -0.698865, 4.500000),0.6807472,0,0.5,True
14:08:00.452,(-2.135487, -0.705479, 4.500000),0.7399585,0,0.5,True
14:08:00.452,(-2.135487, -0.705479, 4.500000),0.7399585,0,0.5,True
14:08:00.474,(-2.221467, -0.712093, 4.500000),0.7803687,0,0.5,True
14:08:00.474,(-2.221467, -0.712093, 4.500000),0.7803687,0,0.5,True
14:08:00.490,(-2.294221, -0.698865, 4.500000),0.7822,0,0.5,True
14:08:00.491,(-2.294221, -0.698865, 4.500000),0.7822,0,0.5,True
14:08:00.501,(-2.327290, -0.685638, 4.500000),0.7822,0,0.5,True
14:08:00.502,(-2.327290, -0.685638, 4.500000),0.7822,0,0.5,True
14:08:00.516,(-2.353746, -0.652568, 4.500000),0.786595,0,0.5,True
14:08:00.516,(-2.353746, -0.652568, 4.500000),0.786595,0,0.5,True
14:08:00.533,(-2.380201, -0.619499, 4.500000),0.7856184,0,0.5,True
14:08:00.533,(-2.380201, -0.619499, 4.500000),0.7856184,0,0.5,True
14:08:00.556,(-2.406657, -0.553360, 4.500000),0.7856184,0,0.5,True
14:08:00.557,(-2.406657, -0.553360, 4.500000),0.7856184,0,0.5,True
14:08:00.578,(-2.400043, -0.487221, 4.500000),0.7856184,0,0.5,True
14:08:00.579,(-2.400043, -0.487221, 4.500000),0.7856184,0,0.5,True
14:08:00.593,(-2.366973, -0.394627, 4.500000),0.8132096,0,0.5,True
14:08:00.593,(-2.366973, -0.394627, 4.500000),0.8132096,0,0.5,True
14:08:00.605,(-2.340518, -0.348330, 4.500000),0.8160176,0,0.5,True
14:08:00.605,(-2.340518, -0.348330, 4.500000),0.8160176,0,0.5,True
14:08:00.625,(-2.300834, -0.302033, 4.500000),0.8160176,0,0.5,True
14:08:00.626,(-2.300834, -0.302033, 4.500000),0.8160176,0,0.5,True
14:08:00.639,(-2.247925, -0.235895, 4.500000),1,0,0.5,True
14:08:00.639,(-2.247925, -0.235895, 4.500000),1,0,0.5,True
14:08:01.575,(-2.208241, -0.209439, 4.500000),0,0,0.5,True
14:08:01.575,(-2.208241, -0.209439, 4.500000),0,0,0.5,True
14:08:01.596,(-2.029665, -0.917123, 4.500000),0,0,0.5,True
14:08:01.596,(-2.029665, -0.917123, 4.500000),0,0,0.5,True
14:08:01.608,(-2.029665, -0.917123, 4.500000),0,0,0.5,True
14:08:01.608,(-2.029665, -0.917123, 4.500000),0,0,0.5,True
14:08:01.624,(-2.029665, -0.917123, 4.500000),0,0,0.5,True
14:08:01.625,(-2.029665, -0.917123, 4.500000),0,0,0.5,True
14:08:01.641,(-2.029665, -0.917123, 4.500000),0,0,0.5,True
14:08:01.642,(-2.029665, -0.917123, 4.500000),0,0,0.5,True
14:08:01.665,(-2.036281, -0.910509, 4.500000),0.07789037,0,0.5,True
14:08:01.666,(-2.036281, -0.910509, 4.500000),0.07789037,0,0.5,True
14:08:01.684,(-2.042893, -0.910509, 4.500000),0.09901111,0,0.5,True
14:08:01.685,(-2.042893, -0.910509, 4.500000),0.09901111,0,0.5,True
14:08:01.700,(-2.056123, -0.910509, 4.500000),0.09864485,0,0.5,True
14:08:01.701,(-2.056123, -0.910509, 4.500000),0.09864485,0,0.5,True
14:08:01.712,(-2.075964, -0.910509, 4.500000),0.1030399,0,0.5,True
14:08:01.712,(-2.075964, -0.910509, 4.500000),0.1030399,0,0.5,True
14:08:01.730,(-2.082577, -0.917123, 4.500000),0.1229398,0,0.5,True
14:08:01.730,(-2.082577, -0.917123, 4.500000),0.1229398,0,0.5,True
14:08:01.742,(-2.115647, -0.917123, 4.500000),0.1513857,0,0.5,True
14:08:01.742,(-2.115647, -0.917123, 4.500000),0.1513857,0,0.5,True
14:08:01.768,(-2.142102, -0.923737, 4.500000),0.1760469,0,0.5,True
14:08:01.769,(-2.142102, -0.923737, 4.500000),0.1760469,0,0.5,True
14:08:01.788,(-2.195012, -0.923737, 4.500000),0.216335,0,0.5,True
14:08:01.789,(-2.195012, -0.923737, 4.500000),0.216335,0,0.5,True
14:08:01.807,(-2.234696, -0.930351, 4.500000),0.2281773,0,0.5,True
14:08:01.807,(-2.234696, -0.930351, 4.500000),0.2281773,0,0.5,True
14:08:03.013,(-2.261151, -0.930351, 4.500000),0,0.75,0.4888889,True
14:08:03.013,(-2.261151, -0.930351, 4.500000),0,0.75,0.4888889,True
14:08:03.030,(-2.261151, -0.930351, 4.500000),0,0.75,0.4888889,True
14:08:03.030,(-2.261151, -0.930351, 4.500000),0,0.75,0.4888889,True
14:08:03.040,(-2.261151, -0.930351, 4.500000),0,0.75,0.4888889,True
14:08:03.041,(-2.261151, -0.930351, 4.500000),0,0.75,0.4888889,True
14:08:03.057,(-2.261151, -0.930351, 4.500000),0,0.75,0.4944444,True
14:08:03.058,(-2.261151, -0.930351, 4.500000),0,0.75,0.4944444,True
