15:00:07.221,(0.027247, 0.293215, 4.500000),0,0.3680556,0.4055555,False
15:00:07.222,(0.027247, 0.293215, 4.500000),0,0.3680556,0.4055555,False
15:00:07.246,(0.424078, 0.160938, 4.500000),0,0.3747222,0.4111111,False
15:00:07.246,(0.424078, 0.160938, 4.500000),0,0.3672222,0.4166667,False
15:00:07.259,(0.417465, 0.147710, 4.500000),0,0.3672222,0.4166667,False
15:00:07.259,(0.417465, 0.147710, 4.500000),0,0.3672222,0.4166667,False
15:00:07.279,(0.417465, 0.134482, 4.500000),0,0.3663889,0.4222222,False
15:00:07.280,(0.417465, 0.134482, 4.500000),0,0.3663889,0.4222222,False
15:00:07.299,(0.430691, 0.121254, 4.500000),0,0.3655556,0.4277778,False
15:00:07.300,(0.430691, 0.121254, 4.500000),0,0.3655556,0.4277778,False
15:00:07.331,(0.457148, 0.088185, 4.500000),1,0.3641667,0.4388889,False
15:00:07.331,(0.457148, 0.088185, 4.500000),1,0.3641667,0.4388889,False
15:00:07.356,(0.516673, 0.035274, 4.500000),1,0.3641667,0.4388889,False
15:00:07.357,(0.516673, 0.035274, 4.500000),1,0.3641667,0.4388889,False
15:00:07.374,(0.609267, -0.037479, 4.500000),1,0.3747222,0.4333333,False
15:00:07.374,(0.609267, -0.037479, 4.500000),1,0.3747222,0.4333333,False
15:00:07.387,(0.642335, -0.070548, 4.500000),1,0.3747222,0.4333333,False
15:00:07.387,(0.642335, -0.070548, 4.500000),1,0.3747222,0.4333333,False
15:00:07.405,(0.675406, -0.103617, 4.500000),1,0.3747222,0.4333333,False
15:00:07.405,(0.675406, -0.103617, 4.500000),1,0.3747222,0.4333333,False
15:00:07.418,(0.708474, -0.143300, 4.500000),1,0.3841667,0.4277778,False
15:00:07.418,(0.708474, -0.143300, 4.500000),1,0.3841667,0.4277778,False
15:00:07.441,(0.728316, -0.176370, 4.500000),1,0.3841667,0.4277778,False
15:00:07.442,(0.728316, -0.176370, 4.500000),1,0.3747222,0.4277778,False
15:00:07.465,(0.734931, -0.216053, 4.500000),1,0.3908333,0.4166667,False
15:00:07.465,(0.734931, -0.216053, 4.500000),1,0.3908333,0.4166667,False
15:00:07.479,(0.741544, -0.262350, 4.500000),1,0.3908333,0.4166667,False
15:00:07.479,(0.741544, -0.262350, 4.500000),1,0.3908333,0.4166667,False
15:00:07.493,(0.734931, -0.282192, 4.500000),1,0.3908333,0.4166667,False
15:00:07.493,(0.734931, -0.282192, 4.500000),1,0.3908333,0.4166667,False
15:00:07.518,(0.728316, -0.302033, 4.500000),1,0.3938889,0.4,False
15:00:07.519,(0.728316, -0.302033, 4.500000),1,0.3938889,0.4,False
15:00:07.535,(0.695247, -0.328489, 4.500000),1,0.3938889,0.4,False
15:00:07.535,(0.695247, -0.328489, 4.500000),1,0.3938889,0.4,False
15:00:07.561,(0.662177, -0.341716, 4.500000),1,0.4011111,0.4,False
15:00:07.562,(0.662177, -0.341716, 4.500000),1,0.4011111,0.4,False
15:00:07.580,(0.582812, -0.368172, 4.500000),1,0.4011111,0.4,False
15:00:07.580,(0.582812, -0.368172, 4.500000),1,0.4011111,0.4,False
15:00:07.596,(0.510058, -0.394627, 4.500000),1,0.4119444,0.4111111,False
15:00:07.596,(0.510058, -0.394627, 4.500000),1,0.4119444,0.4111111,False
15:00:07.612,(0.437307, -0.427697, 4.500000),1,0.4119444,0.4111111,False
15:00:07.612,(0.437307, -0.427697, 4.500000),1,0.4119444,0.4111111,False
15:00:07.642,(0.397623, -0.440924, 4.500000),1,0.4119444,0.4111111,False
15:00:07.642,(0.397623, -0.440924, 4.500000),1,0.4119444,0.4111111,False
15:00:07.654,(0.338098, -0.460766, 4.500000),1,0.4119444,0.4111111,False
15:00:07.654,(0.338098, -0.460766, 4.500000),1,0.4119444,0.4111111,False
15:00:07.679,(0.305030, -0.467380, 4.500000),1,0.4158333,0.4222222,False
15:00:07.680,(0.305030, -0.467380, 4.500000),1,0.4158333,0.4222222,False
15:00:07.700,(0.278573, -0.473994, 4.500000),1,0.4158333,0.4222222,False
15:00:07.700,(0.278573, -0.473994, 4.500000),1,0.4158333,0.4222222,False
15:00:07.717,(0.252118, -0.473994, 4.500000),1,0.4158333,0.4222222,False
15:00:07.717,(0.252118, -0.473994, 4.500000),1,0.4158333,0.4222222,False
15:00:07.732,(0.252118, -0.473994, 4.500000),1,0.4158333,0.4222222,False
15:00:07.732,(0.252118, -0.473994, 4.500000),1,0.4158333,0.4222222,False
15:00:07.751,(0.252118, -0.473994, 4.500000),1,0.4158333,0.4222222,False
15:00:07.752,(0.252118, -0.473994, 4.500000),1,0.4158333,0.4222222,False
15:00:07.774,(0.252118, -0.473994, 4.500000),1,0.4158333,0.4222222,False
15:00:07.774,(0.252118, -0.473994, 4.500000),1,0.4158333,0.4222222,False
15:00:08.718,(0.252118, -0.467380, 4.500000),0,0.4202778,0.4277778,False
15:00:08.719,(0.252118, -0.467380, 4.500000),0,0.4202778,0.4277778,False
15:00:08.737,(0.252118, -0.467380, 4.500000),0,0.4202778,0.4277778,False
15:00:08.737,(0.252118, -0.467380, 4.500000),0,0.4202778,0.4277778,False
15:00:08.753,(0.252118, -0.467380, 4.500000),0,0.2497222,0.4944444,False
15:00:08.753,(0.252118, -0.467380, 4.500000),0,0.2497222,0.4944444,False
