15:03:48.005,(-0.052120, 0.174165, 4.500000),0,0,0.5,False
15:03:48.006,(-0.052120, 0.174165, 4.500000),0,0,0.5,False
15:03:48.864,(-0.052120, 0.174165, 4.500000),0,0,0.5,True
15:03:48.865,(-0.052120, 0.174165, 4.500000),0,0,0.5,True
15:03:48.890,(0.794454, 0.491631, 4.500000),0,0,0.5,True
15:03:48.891,(0.794454, 0.491631, 4.500000),0,0,0.5,True
15:03:48.904,(0.761386, 0.551155, 4.500000),0,0,0.5,True
15:03:48.905,(0.761386, 0.551155, 4.500000),0,0,0.5,True
15:03:48.931,(0.741544, 0.590839, 4.500000),0,0,0.5,True
15:03:48.931,(0.741544, 0.590839, 4.500000),0,0,0.5,True
15:03:48.953,(0.728316, 0.610681, 4.500000),0,0.5,0.4944444,True
15:03:48.953,(0.728316, 0.610681, 4.500000),0,0.5,0.4944444,True
15:03:48.968,(0.721702, 0.610681, 4.500000),0,0.5,0.4944444,True
15:03:48.968,(0.721702, 0.610681, 4.500000),0,0.5,0.4944444,True
15:03:48.981,(0.728316, 0.597453, 4.500000),0,0.5,0.4944444,True
15:03:48.982,(0.728316, 0.597453, 4.500000),0.446954,0.4261111,0.4722222,True
15:03:49.005,(0.728316, 0.557769, 4.500000),1,0.4355555,0.4555556,True
15:03:49.006,(0.728316, 0.557769, 4.500000),1,0.4355555,0.4555556,True
15:03:49.025,(0.741544, 0.438720, 4.500000),1,0.4261111,0.45,True
15:03:49.025,(0.741544, 0.438720, 4.500000),1,0.4261111,0.45,True
15:03:49.051,(0.748157, 0.339512, 4.500000),1,0.4191667,0.4388889,True
15:03:49.052,(0.748157, 0.339512, 4.500000),1,0.4191667,0.4388889,True
15:03:49.073,(0.767999, 0.240304, 4.500000),1,0.4211111,0.4166667,True
15:03:49.073,(0.767999, 0.240304, 4.500000),1,0.4211111,0.4166667,True
15:03:49.089,(0.794454, 0.121254, 4.500000),1,0.4172222,0.4055555,True
15:03:49.089,(0.794454, 0.121254, 4.500000),1,0.4172222,0.4055555,True
15:03:49.102,(0.814296, 0.028660, 4.500000),1,0.4088889,0.4055555,True
15:03:49.102,(0.814296, 0.028660, 4.500000),1,0.4088889,0.4055555,True
15:03:49.125,(0.820911, 0.002205, 4.500000),1,0.4183333,0.3944444,True
15:03:49.126,(0.820911, 0.002205, 4.500000),1,0.4183333,0.3944444,True
15:03:49.143,(0.834138, -0.110231, 4.500000),1,0.4183333,0.3944444,True
15:03:49.143,(0.834138, -0.110231, 4.500000),1,0.4183333,0.3944444,True
15:03:49.169,(0.847366, -0.169756, 4.500000),1,0.4183333,0.3944444,True
15:03:49.170,(0.847366, -0.169756, 4.500000),1,0.4183333,0.3944444,True
15:03:49.189,(0.853979, -0.222667, 4.500000),1,0.4138889,0.4,True
15:03:49.189,(0.853979, -0.222667, 4.500000),1,0.4138889,0.4,True
15:03:49.205,(0.853979, -0.268964, 4.500000),1,0.4119444,0.4111111,True
15:03:49.206,(0.853979, -0.268964, 4.500000),1,0.4119444,0.4111111,True
15:03:49.222,(0.853979, -0.288806, 4.500000),1,0.4119444,0.4111111,True
15:03:49.222,(0.853979, -0.288806, 4.500000),1,0.4119444,0.4111111,True
15:03:49.243,(0.853979, -0.308647, 4.500000),1,0.4158333,0.4222222,True
15:03:49.244,(0.853979, -0.308647, 4.500000),1,0.4158333,0.4222222,True
15:03:49.262,(0.847366, -0.328489, 4.500000),1,0.4097222,0.4222222,True
15:03:49.262,(0.847366, -0.328489, 4.500000),1,0.4097222,0.4222222,True
15:03:49.289,(0.847366, -0.341716, 4.500000),1,0.4138889,0.4333333,True
15:03:49.289,(0.847366, -0.341716, 4.500000),1,0.4138889,0.4333333,True
15:03:49.311,(0.834138, -0.354944, 4.500000),1,0.3869444,0.4444444,True
15:03:49.311,(0.834138, -0.354944, 4.500000),1,0.3869444,0.4444444,True
15:03:49.325,(0.807683, -0.374786, 4.500000),1,0.3869444,0.4444444,True
15:03:49.325,(0.807683, -0.374786, 4.500000),1,0.3869444,0.4444444,True
15:03:49.343,(0.794454, -0.381400, 4.500000),1,0.3891667,0.4555556,True
15:03:49.343,(0.794454, -0.381400, 4.500000),1,0.3891667,0.4555556,True
15:03:49.369,(0.754772, -0.394627, 4.500000),1,0.3891667,0.4555556,True
15:03:49.369,(0.754772, -0.394627, 4.500000),1,0.3891667,0.4555556,True
15:03:49.382,(0.682019, -0.421083, 4.500000),1,0.3891667,0.4555556,True
15:03:49.383,(0.682019, -0.421083, 4.500000),1,0.3891667,0.4555556,True
15:03:49.409,(0.635722, -0.434311, 4.500000),1,0.3572222,0.4611111,True
15:03:49.410,(0.635722, -0.434311, 4.500000),1,0.3572222,0.4611111,True
15:03:49.431,(0.569584, -0.447538, 4.500000),1,0.3572222,0.4611111,True
15:03:49.431,(0.569584, -0.447538, 4.500000),1,0.3572222,0.4611111,True
15:03:49.449,(0.476990, -0.473994, 4.500000),1,0.3572222,0.4611111,True
15:03:49.449,(0.476990, -0.473994, 4.500000),1,0.3572222,0.4611111,True
15:03:49.463,(0.397623, -0.480608, 4.500000),1,0.3522222,0.4722222,True
15:03:49.464,(0.397623, -0.480608, 4.500000),1,0.3522222,0.4722222,True
15:03:49.486,(0.344711, -0.487221, 4.500000),1,0.3747222,0.4722222,True
15:03:49.486,(0.344711, -0.487221, 4.500000),1,0.3747222,0.4722222,True
15:03:49.503,(0.219049, -0.487221, 4.500000),1,0.3747222,0.4722222,True
15:03:49.504,(0.219049, -0.487221, 4.500000),1,0.3747222,0.4722222,True
15:03:49.532,(0.159524, -0.487221, 4.500000),1,0.3747222,0.4722222,True
15:03:49.532,(0.159524, -0.487221, 4.500000),1,0.3747222,0.4722222,True
15:03:49.556,(0.053702, -0.467380, 4.500000),1,0.3747222,0.4722222,True
15:03:49.556,(0.053702, -0.467380, 4.500000),1,0.3747222,0.4722222,True
15:03:49.572,(-0.032278, -0.434311, 4.500000),1,0.3747222,0.4722222,True
15:03:49.573,(-0.032278, -0.434311, 4.500000),1,0.3747222,0.4722222,True
15:03:49.586,(-0.078575, -0.407855, 4.500000),1,0.3975,0.4722222,True
15:03:49.586,(-0.078575, -0.407855, 4.500000),1,0.3975,0.4722222,True
15:03:49.610,(-0.105032, -0.381400, 4.500000),1,0.3975,0.4722222,True
15:03:49.610,(-0.105032, -0.381400, 4.500000),1,0.3975,0.4722222,True
15:03:49.626,(-0.131487, -0.354944, 4.500000),1,0.4138889,0.4666667,True
15:03:49.626,(-0.131487, -0.354944, 4.500000),1,0.4138889,0.4666667,True
15:03:49.652,(-0.144713, -0.315261, 4.500000),1,0.4138889,0.4666667,True
15:03:49.652,(-0.144713, -0.315261, 4.500000),1,0.4138889,0.4666667,True
15:03:49.672,(-0.144713, -0.282192, 4.500000),1,0.4261111,0.4611111,True
15:03:49.672,(-0.144713, -0.282192, 4.500000),1,0.4261111,0.4611111,True
15:03:49.687,(-0.118258, -0.235895, 4.500000),1,0.4355555,0.4555556,True
15:03:49.687,(-0.118258, -0.235895, 4.500000),1,0.4355555,0.4555556,True
15:03:49.704,(-0.105032, -0.209439, 4.500000),1,0.4355555,0.4555556,True
15:03:49.704,(-0.105032, -0.209439, 4.500000),1,0.4355555,0.4555556,True
15:03:49.724,(-0.078575, -0.169756, 4.500000),1,0.4355555,0.4555556,True
15:03:49.724,(-0.078575, -0.169756, 4.500000),1,0.4355555,0.4555556,True
15:03:49.746,(-0.045507, -0.130073, 4.500000),1,0.4355555,0.4555556,True
15:03:49.746,(-0.045507, -0.130073, 4.500000),1,0.4355555,0.4555556,True
15:03:49.770,(-0.025665, -0.097003, 4.500000),1,0.4191667,0.4388889,True
15:03:49.771,(-0.025665, -0.097003, 4.500000),1,0.4191667,0.4388889,True
15:03:49.792,(-0.019052, -0.070548, 4.500000),1,0.4191667,0.4388889,True
15:03:49.792,(-0.019052, -0.070548, 4.500000),1,0.4191667,0.4388889,True
15:03:49.808,(-0.019052, -0.044092, 4.500000),1,0.4261111,0.4333333,True
15:03:49.808,(-0.019052, -0.044092, 4.500000),1,0.4261111,0.4333333,True
15:03:49.824,(-0.025665, -0.037479, 4.500000),1,0.4138889,0.4333333,True
15:03:49.824,(-0.025665, -0.037479, 4.500000),1,0.4138889,0.4333333,True
15:03:50.098,(-0.025665, -0.037479, 4.500000),0,0.4261111,0.4611111,True
15:03:50.098,(-0.025665, -0.037479, 4.500000),0,0.4261111,0.4611111,True
15:03:50.111,(0.252118, 0.213848, 4.500000),0,0.4261111,0.4611111,True
15:03:50.111,(0.252118, 0.213848, 4.500000),0,0.4261111,0.4611111,True
15:03:50.138,(0.252118, 0.233690, 4.500000),0,0.4261111,0.4611111,True
15:03:50.139,(0.252118, 0.233690, 4.500000),0,0.4261111,0.4611111,True
15:03:50.161,(0.245504, 0.253532, 4.500000),0,0.4261111,0.4611111,True
15:03:50.161,(0.245504, 0.253532, 4.500000),0,0.4261111,0.4611111,True
15:03:50.177,(0.225663, 0.227076, 4.500000),0,0.3975,0.4722222,True
15:03:50.177,(0.225663, 0.227076, 4.500000),0,0.3975,0.4722222,True
15:03:50.189,(0.212434, 0.194007, 4.500000),1,0.4261111,0.4611111,True
15:03:50.190,(0.212434, 0.194007, 4.500000),1,0.4261111,0.4611111,True
15:03:50.214,(0.192592, 0.160938, 4.500000),1,0.4011111,0.45,True
15:03:50.214,(0.192592, 0.160938, 4.500000),1,0.4011111,0.45,True
15:03:50.228,(0.179366, 0.121254, 4.500000),1,0.4011111,0.45,True
15:03:50.229,(0.179366, 0.121254, 4.500000),1,0.4011111,0.45,True
15:03:50.257,(0.172751, 0.101413, 4.500000),1,0.3975,0.4444444,True
15:03:50.258,(0.172751, 0.101413, 4.500000),1,0.3975,0.4444444,True
15:03:50.278,(0.192592, 0.094799, 4.500000),1,0.4138889,0.4333333,True
15:03:50.279,(0.192592, 0.094799, 4.500000),1,0.4138889,0.4333333,True
15:03:50.294,(0.232276, 0.094799, 4.500000),1,0.4138889,0.4333333,True
15:03:50.295,(0.232276, 0.094799, 4.500000),1,0.4138889,0.4333333,True
15:03:50.309,(0.265346, 0.101413, 4.500000),1,0.4261111,0.4222222,True
15:03:50.309,(0.265346, 0.101413, 4.500000),1,0.4261111,0.4222222,True
15:03:50.331,(0.298414, 0.101413, 4.500000),1,0.4311111,0.4166667,True
15:03:50.332,(0.298414, 0.101413, 4.500000),1,0.4311111,0.4166667,True
15:03:50.348,(0.311643, 0.094799, 4.500000),1,0.4311111,0.4166667,True
15:03:50.348,(0.311643, 0.094799, 4.500000),1,0.4311111,0.4166667,True
15:03:50.375,(0.311643, 0.081571, 4.500000),1,0.4219444,0.4055555,True
15:03:50.376,(0.311643, 0.081571, 4.500000),1,0.4219444,0.4055555,True
15:03:50.397,(0.305030, 0.068343, 4.500000),1,0.4152778,0.3888889,True
15:03:50.398,(0.305030, 0.068343, 4.500000),1,0.4152778,0.3888889,True
15:03:50.413,(0.291801, 0.055116, 4.500000),1,0.4152778,0.3888889,True
15:03:50.413,(0.291801, 0.055116, 4.500000),1,0.4152778,0.3888889,True
15:03:50.426,(0.291801, 0.041888, 4.500000),1,0.4152778,0.3888889,True
15:03:50.427,(0.291801, 0.041888, 4.500000),1,0.4152778,0.3888889,True
15:03:50.452,(0.285188, 0.035274, 4.500000),1,0.4152778,0.3888889,True
15:03:50.453,(0.285188, 0.035274, 4.500000),1,0.4152778,0.3888889,True
15:03:50.465,(0.278573, 0.028660, 4.500000),1,0.4183333,0.3944444,True
15:03:50.466,(0.278573, 0.028660, 4.500000),1,0.4183333,0.3944444,True
15:03:50.493,(0.278573, 0.028660, 4.500000),1,0.4183333,0.3944444,True
15:03:50.493,(0.278573, 0.028660, 4.500000),1,0.4183333,0.3944444,True
