13:28:06.878,(-2.036281, -0.672410, 4.500000),0,0,0.5,True
13:28:06.878,(-2.036281, -0.672410, 4.500000),0,0,0.5,True
13:28:06.903,(-2.016439, -0.321875, 4.500000),0,0,0.5,True
13:28:06.904,(-2.016439, -0.321875, 4.500000),0,0,0.5,True
13:28:06.929,(-2.009825, -0.328489, 4.500000),0,0,0.5,True
13:28:06.930,(-2.009825, -0.328489, 4.500000),0,0,0.5,True
13:28:06.947,(-2.009825, -0.341716, 4.500000),0,0,0.5,True
13:28:06.948,(-2.009825, -0.341716, 4.500000),0,0,0.5,True
13:28:06.960,(-2.016439, -0.341716, 4.500000),0,0,0.5,True
13:28:06.960,(-2.016439, -0.341716, 4.500000),0,0,0.5,True
13:28:06.976,(-2.023052, -0.348330, 4.500000),0.1176901,0,0.5,True
13:28:06.977,(-2.023052, -0.348330, 4.500000),0.1176901,0,0.5,True
13:28:06.988,(-2.036281, -0.354944, 4.500000),0.1507752,0,0.5,True
13:28:06.990,(-2.036281, -0.354944, 4.500000),0.1507752,0,0.5,True
13:28:07.009,(-2.042894, -0.354944, 4.500000),0.1551703,0,0.5,True
13:28:07.010,(-2.042894, -0.354944, 4.500000),0.1551703,0,0.5,True
13:28:07.034,(-2.056123, -0.354944, 4.500000),0.1534611,0,0.5,True
13:28:07.034,(-2.056123, -0.354944, 4.500000),0.1534611,0,0.5,True
13:28:07.051,(-2.082577, -0.354944, 4.500000),0.1753144,0,0.5,True
13:28:07.051,(-2.082577, -0.354944, 4.500000),0.1753144,0,0.5,True
13:28:07.065,(-2.095805, -0.354944, 4.500000),0.2151141,0,0.5,True
13:28:07.065,(-2.095805, -0.354944, 4.500000),0.2151141,0,0.5,True
13:28:07.083,(-2.115648, -0.341716, 4.500000),0.276523,0,0.5,True
13:28:07.083,(-2.115648, -0.341716, 4.500000),0.276523,0,0.5,True
13:28:07.097,(-2.135488, -0.328489, 4.500000),0.3317055,0,0.5,True
13:28:07.098,(-2.135488, -0.328489, 4.500000),0.3317055,0,0.5,True
13:28:07.117,(-2.142102, -0.308647, 4.500000),0.3317055,0,0.5,True
13:28:07.118,(-2.142102, -0.308647, 4.500000),0.3317055,0,0.5,True
13:28:07.139,(-2.161944, -0.275578, 4.500000),0.3922598,0,0.5,True
13:28:07.139,(-2.161944, -0.275578, 4.500000),0.3922598,0,0.5,True
13:28:07.155,(-2.168558, -0.235895, 4.500000),0.4276645,0,0.5,True
13:28:07.156,(-2.168558, -0.235895, 4.500000),0.4276645,0,0.5,True
13:28:07.170,(-2.168557, -0.209439, 4.500000),0.4854108,0.75,0.4944444,True
13:28:07.170,(-2.168557, -0.209439, 4.500000),0.4854108,0.75,0.4944444,True
13:28:07.187,(-2.155329, -0.182984, 4.500000),0.5736784,0.75,0.4944444,True
13:28:07.187,(-2.155329, -0.182984, 4.500000),0.5736784,0.75,0.4944444,True
13:28:07.200,(-2.142102, -0.163142, 4.500000),0.585887,0.75,0.4944444,True
13:28:07.201,(-2.142102, -0.163142, 4.500000),0.585887,0.75,0.4944444,True
13:28:07.222,(-2.128874, -0.156528, 4.500000),0.585887,0.75,0.4944444,True
13:28:07.223,(-2.128874, -0.156528, 4.500000),0.585887,0.75,0.4944444,True
13:28:07.247,(-2.095806, -0.143301, 4.500000),0.6187279,0.75,0.4944444,True
13:28:07.247,(-2.095806, -0.143301, 4.500000),0.6187279,0.75,0.4944444,True
13:28:07.264,(-2.056123, -0.143301, 4.500000),0.654743,0.75,0.4944444,True
13:28:07.264,(-2.056123, -0.143301, 4.500000),0.654743,0.75,0.4944444,True
13:28:07.278,(-2.023052, -0.156528, 4.500000),0.6829447,0.75,0.4944444,True
13:28:07.278,(-2.023052, -0.156528, 4.500000),0.6829447,0.75,0.4944444,True
13:28:07.293,(-2.009826, -0.169756, 4.500000),0.6889269,0.75,0.4944444,True
13:28:07.293,(-2.009826, -0.169756, 4.500000),0.6889269,0.75,0.4944444,True
13:28:07.306,(-1.996597, -0.182984, 4.500000),0.6988158,0.75,0.4944444,True
13:28:07.306,(-1.996597, -0.182984, 4.500000),0.6988158,0.75,0.4944444,True
13:28:07.327,(-1.983368, -0.196211, 4.500000),0.7076059,0.75,0.4944444,True
13:28:07.327,(-1.983368, -0.196211, 4.500000),0.7076059,0.75,0.4944444,True
13:28:07.350,(-1.983368, -0.229281, 4.500000),0.7283604,0.75,0.4944444,True
13:28:07.350,(-1.983368, -0.229281, 4.500000),0.7283604,0.75,0.4944444,True
13:28:07.367,(-1.983369, -0.275578, 4.500000),0.7345867,0.75,0.4944444,True
13:28:07.367,(-1.983369, -0.275578, 4.500000),0.7345867,0.75,0.4944444,True
13:28:07.381,(-1.989984, -0.308647, 4.500000),0.7345867,0.75,0.4944444,True
13:28:07.381,(-1.989984, -0.308647, 4.500000),0.7345867,0.75,0.4944444,True
13:28:07.398,(-1.996597, -0.341716, 4.500000),0.769381,0,0.5,True
13:28:07.398,(-1.996597, -0.341716, 4.500000),0.769381,0,0.5,True
13:28:07.414,(-2.009826, -0.401241, 4.500000),0.8118667,0,0.5,True
13:28:07.414,(-2.009826, -0.401241, 4.500000),0.8118667,0,0.5,True
13:28:07.434,(-2.023052, -0.447538, 4.500000),0.9238188,0,0.5,True
13:28:07.435,(-2.023052, -0.447538, 4.500000),0.9238188,0,0.5,True
13:28:07.457,(-2.056122, -0.507063, 4.500000),1,0,0.5,True
13:28:07.457,(-2.056122, -0.507063, 4.500000),1,0,0.5,True
13:28:07.474,(-2.115647, -0.593043, 4.500000),1,0,0.5,True
13:28:07.474,(-2.115647, -0.593043, 4.500000),1,0,0.5,True
13:28:07.487,(-2.168558, -0.652568, 4.500000),1,0,0.5,True
13:28:07.487,(-2.168558, -0.652568, 4.500000),1,0,0.5,True
13:28:07.504,(-2.181786, -0.672410, 4.500000),1,0,0.5,True
13:28:07.504,(-2.181786, -0.672410, 4.500000),1,0,0.5,True
13:28:07.518,(-2.241309, -0.725321, 4.500000),1,0,0.5,True
13:28:07.518,(-2.241309, -0.725321, 4.500000),1,0,0.5,True
13:28:07.539,(-2.280993, -0.765004, 4.500000),1,0,0.5,True
13:28:07.539,(-2.280993, -0.765004, 4.500000),1,0,0.5,True
13:28:07.560,(-2.347131, -0.804687, 4.500000),1,0,0.5,True
13:28:07.560,(-2.347131, -0.804687, 4.500000),1,0,0.5,True
13:28:08.429,(-2.433112, -0.844370, 4.500000),0,0.5,0.4666667,True
13:28:08.429,(-2.433112, -0.844370, 4.500000),0,0.5,0.4666667,True
13:28:08.444,(-2.433112, -0.844370, 4.500000),0,0.5,0.4722222,True
13:28:08.444,(-2.433112, -0.844370, 4.500000),0,0.5,0.4722222,True
13:28:08.458,(-2.433112, -0.844370, 4.500000),0,0.5,0.4722222,True
13:28:08.458,(-2.433112, -0.844370, 4.500000),0,0.5,0.4722222,True
