14:06:58.943,(-2.181786, -0.341716, 4.500000),0,0,0.5,True
14:06:58.943,(-2.181786, -0.341716, 4.500000),0,0,0.5,True
14:06:58.966,(-2.314063, -0.169756, 4.500000),0,0,0.5,True
14:06:58.966,(-2.314063, -0.169756, 4.500000),0,0,0.5,True
14:06:58.988,(-2.314063, -0.169756, 4.500000),0,0,0.5,True
14:06:58.988,(-2.314063, -0.169756, 4.500000),0,0,0.5,True
14:06:59.004,(-2.320676, -0.182984, 4.500000),0,0,0.5,True
14:06:59.004,(-2.320676, -0.182984, 4.500000),0,0,0.5,True
14:06:59.015,(-2.327290, -0.182984, 4.500000),0,0,0.5,True
14:06:59.016,(-2.327290, -0.182984, 4.500000),0,0,0.5,True
14:06:59.031,(-2.327290, -0.196211, 4.500000),0,0,0.5,True
14:06:59.032,(-2.327290, -0.196211, 4.500000),0,0,0.5,True
14:06:59.044,(-2.327289, -0.202825, 4.500000),0,0,0.5,True
14:06:59.045,(-2.327289, -0.202825, 4.500000),0,0,0.5,True
14:06:59.063,(-2.327290, -0.216053, 4.500000),0.1852033,0.5,0.4944444,True
14:06:59.064,(-2.327290, -0.216053, 4.500000),0.1852033,0.5,0.4944444,True
14:06:59.082,(-2.320676, -0.235895, 4.500000),0.1841045,0.5,0.4944444,True
14:06:59.083,(-2.320676, -0.235895, 4.500000),0.1841045,0.5,0.4944444,True
14:06:59.098,(-2.314063, -0.262350, 4.500000),0.1841045,0.5,0.4944444,True
14:06:59.099,(-2.314063, -0.262350, 4.500000),0.1841045,0.5,0.4944444,True
14:06:59.109,(-2.307450, -0.288806, 4.500000),0.1841045,0.5,0.4944444,True
14:06:59.110,(-2.307450, -0.288806, 4.500000),0.1841045,0.5,0.4944444,True
14:06:59.134,(-2.307450, -0.315261, 4.500000),0.2245147,0.5,0.4888889,True
14:06:59.134,(-2.307450, -0.315261, 4.500000),0.2245147,0.5,0.4888889,True
14:06:59.146,(-2.307450, -0.368172, 4.500000),0.2245147,0.5,0.4888889,True
14:06:59.146,(-2.307450, -0.368172, 4.500000),0.2245147,0.5,0.4888889,True
14:06:59.165,(-2.307450, -0.394627, 4.500000),0.3182762,0.5,0.4888889,True
14:06:59.165,(-2.307450, -0.394627, 4.500000),0.3329264,0.5,0.4888889,True
14:06:59.182,(-2.314063, -0.421083, 4.500000),0.3464778,0.5,0.4833333,True
14:06:59.183,(-2.314063, -0.421083, 4.500000),0.3464778,0.5,0.4833333,True
14:06:59.197,(-2.327290, -0.473994, 4.500000),0.4547674,0.5,0.4833333,True
14:06:59.197,(-2.327290, -0.473994, 4.500000),0.4547674,0.5,0.4833333,True
14:06:59.209,(-2.340518, -0.500449, 4.500000),0.5298498,0.5,0.4777778,True
14:06:59.210,(-2.340518, -0.500449, 4.500000),0.5298498,0.5,0.4777778,True
14:06:59.228,(-2.353746, -0.533519, 4.500000),0.5847882,0.5,0.4777778,True
14:06:59.228,(-2.353746, -0.533519, 4.500000),0.5847882,0.5,0.4777778,True
14:06:59.239,(-2.386815, -0.573202, 4.500000),0.5847882,0.5,0.4777778,True
14:06:59.239,(-2.386815, -0.573202, 4.500000),0.5847882,0.5,0.4777778,True
14:06:59.263,(-2.413270, -0.599657, 4.500000),0.6380174,0.5,0.4833333,True
14:06:59.263,(-2.413270, -0.599657, 4.500000),0.6380174,0.5,0.4833333,True
14:06:59.283,(-2.452953, -0.632727, 4.500000),0.6380174,0.5,0.4833333,True
14:06:59.283,(-2.452953, -0.632727, 4.500000),0.6380174,0.5,0.4833333,True
14:06:59.298,(-2.519092, -0.672410, 4.500000),0.786473,0.5,0.4888889,True
14:06:59.299,(-2.519092, -0.672410, 4.500000),0.786473,0.5,0.4888889,True
14:06:59.312,(-2.552162, -0.685638, 4.500000),0.786473,0.5,0.4888889,True
14:06:59.312,(-2.552162, -0.685638, 4.500000),0.786473,0.5,0.4888889,True
14:06:59.328,(-2.591846, -0.705479, 4.500000),0.786473,0.5,0.4888889,True
14:06:59.328,(-2.591846, -0.705479, 4.500000),0.786473,0.5,0.4888889,True
14:06:59.342,(-2.644756, -0.725321, 4.500000),0.786473,0.5,0.4888889,True
14:06:59.342,(-2.644756, -0.725321, 4.500000),0.786473,0.5,0.4888889,True
14:06:59.366,(-2.657984, -0.725321, 4.500000),1,0,0.5,True
14:06:59.367,(-2.657984, -0.725321, 4.500000),1,0,0.5,True
14:06:59.387,(-2.710894, -0.738549, 4.500000),1,0,0.5,True
14:06:59.387,(-2.710894, -0.738549, 4.500000),1,0,0.5,True
14:06:59.402,(-2.763806, -0.745162, 4.500000),1,0,0.5,True
14:06:59.402,(-2.763806, -0.745162, 4.500000),1,0,0.5,True
14:07:00.279,(-2.783648, -0.738549, 4.500000),0,0.625,0.4555556,True
14:07:00.279,(-2.783648, -0.738549, 4.500000),0,0.625,0.4555556,True
14:07:00.295,(-2.783648, -0.738549, 4.500000),0,0.625,0.4666667,True
14:07:00.295,(-2.783648, -0.738549, 4.500000),0,0.625,0.4666667,True
14:07:00.309,(-2.783648, -0.738549, 4.500000),0,0.6475,0.4722222,True
14:07:00.309,(-2.783648, -0.738549, 4.500000),0,0.6475,0.4722222,True
