13:47:40.005,(-2.704281, -0.235895, 4.500000),0,0,0.5,True
13:47:40.006,(-2.704281, -0.235895, 4.500000),0,0,0.5,True
13:47:40.029,(-2.366973, -0.235895, 4.500000),0,0,0.5,True
13:47:40.030,(-2.366973, -0.235895, 4.500000),0,0,0.5,True
13:47:40.042,(-2.366973, -0.229281, 4.500000),0,0,0.5,True
13:47:40.042,(-2.366973, -0.229281, 4.500000),0,0,0.5,True
13:47:40.057,(-2.366973, -0.222667, 4.500000),0,0,0.5,True
13:47:40.058,(-2.366973, -0.222667, 4.500000),0,0,0.5,True
13:47:40.070,(-2.366973, -0.222667, 4.500000),0,0,0.5,True
13:47:40.070,(-2.366973, -0.222667, 4.500000),0,0,0.5,True
13:47:40.092,(-2.366973, -0.222667, 4.500000),0.1478452,0,0.5,True
13:47:40.093,(-2.366973, -0.222667, 4.500000),0.1478452,0,0.5,True
13:47:40.112,(-2.366973, -0.222667, 4.500000),0.2552802,0.5,0.4944444,True
13:47:40.112,(-2.366973, -0.222667, 4.500000),0.2552802,0.5,0.4944444,True
13:47:40.127,(-2.353747, -0.235895, 4.500000),0.2552802,0.5,0.4944444,True
13:47:40.128,(-2.353747, -0.235895, 4.500000),0.2552802,0.5,0.4944444,True
13:47:40.139,(-2.340518, -0.249122, 4.500000),0.2441704,0.5,0.4944444,True
13:47:40.139,(-2.340518, -0.249122, 4.500000),0.2441704,0.5,0.4944444,True
13:47:40.159,(-2.327290, -0.262350, 4.500000),0.2632157,0.5,0.4888889,True
13:47:40.159,(-2.327290, -0.262350, 4.500000),0.2632157,0.5,0.4888889,True
13:47:40.174,(-2.300835, -0.275578, 4.500000),0.2894641,0.5,0.4888889,True
13:47:40.174,(-2.300835, -0.275578, 4.500000),0.2894641,0.5,0.4888889,True
13:47:40.196,(-2.280993, -0.295420, 4.500000),0.4015383,0.5736111,0.4833333,True
13:47:40.197,(-2.280993, -0.295420, 4.500000),0.4015383,0.5736111,0.4833333,True
13:47:40.216,(-2.247924, -0.315261, 4.500000),0.587474,0.5511111,0.4777778,True
13:47:40.216,(-2.247924, -0.315261, 4.500000),0.587474,0.5511111,0.4777778,True
13:47:40.232,(-2.221467, -0.348330, 4.500000),0.6211696,0.5388889,0.4722222,True
13:47:40.232,(-2.221467, -0.348330, 4.500000),0.6211696,0.5388889,0.4722222,True
13:47:40.243,(-2.195012, -0.381400, 4.500000),0.6383836,0.5313889,0.4666667,True
13:47:40.244,(-2.195012, -0.381400, 4.500000),0.6383836,0.5313889,0.4666667,True
13:47:40.260,(-2.181786, -0.394627, 4.500000),0.7024783,0.5261111,0.4611111,True
13:47:40.261,(-2.181786, -0.394627, 4.500000),0.7024783,0.5261111,0.4611111,True
13:47:40.275,(-2.168558, -0.414469, 4.500000),0.7819558,0.5261111,0.4611111,True
13:47:40.275,(-2.168558, -0.414469, 4.500000),0.7819558,0.5261111,0.4611111,True
13:47:40.295,(-2.168558, -0.427697, 4.500000),0.819558,0.5261111,0.4611111,True
13:47:40.296,(-2.168558, -0.427697, 4.500000),0.819558,0.5261111,0.4611111,True
13:47:40.320,(-2.175171, -0.447538, 4.500000),0.9592235,0.5261111,0.4611111,True
13:47:40.320,(-2.175171, -0.447538, 4.500000),0.9592235,0.5261111,0.4611111,True
13:47:40.335,(-2.201626, -0.460766, 4.500000),0.9592235,0.5261111,0.4611111,True
13:47:40.335,(-2.201626, -0.460766, 4.500000),0.9592235,0.5261111,0.4611111,True
13:47:40.345,(-2.221468, -0.473994, 4.500000),0.9602002,0.5261111,0.4611111,True
13:47:40.345,(-2.221468, -0.473994, 4.500000),0.9602002,0.5261111,0.4611111,True
13:47:40.360,(-2.241309, -0.487221, 4.500000),0.961299,0.5261111,0.4611111,True
13:47:40.360,(-2.241309, -0.487221, 4.500000),0.961299,0.5261111,0.4611111,True
13:47:40.373,(-2.274379, -0.500449, 4.500000),0.9582468,0.5605556,0.4666667,True
13:47:40.373,(-2.274379, -0.500449, 4.500000),0.9582468,0.5605556,0.4666667,True
13:47:40.394,(-2.300834, -0.513677, 4.500000),0.9611769,0.5313889,0.4666667,True
13:47:40.395,(-2.300834, -0.513677, 4.500000),0.9611769,0.5313889,0.4666667,True
13:47:40.414,(-2.353746, -0.526905, 4.500000),0.9591014,0.5388889,0.4722222,True
13:47:40.414,(-2.353746, -0.526905, 4.500000),0.9591014,0.5388889,0.4722222,True
13:47:40.430,(-2.413270, -0.526905, 4.500000),0.9591014,0.5388889,0.4722222,True
13:47:40.430,(-2.413270, -0.526905, 4.500000),0.9591014,0.5388889,0.4722222,True
13:47:40.442,(-2.466182, -0.520291, 4.500000),0.9587352,0.5511111,0.4777778,True
13:47:40.443,(-2.466182, -0.520291, 4.500000),0.9587352,0.5511111,0.4777778,True
13:47:40.461,(-2.479410, -0.513677, 4.500000),0.958491,0.625,0.4833333,True
13:47:40.461,(-2.479410, -0.513677, 4.500000),0.958491,0.625,0.4833333,True
13:47:40.475,(-2.519092, -0.487222, 4.500000),0.9594677,0.625,0.4833333,True
13:47:40.476,(-2.519092, -0.487222, 4.500000),0.9594677,0.625,0.4833333,True
13:47:40.495,(-2.538934, -0.467380, 4.500000),0.9559273,0.6761111,0.4833333,True
13:47:40.496,(-2.538934, -0.467380, 4.500000),0.9559273,0.6761111,0.4833333,True
13:47:40.774,(-2.552162, -0.434311, 4.500000),0,0,0.5,True
13:47:40.774,(-2.552162, -0.434311, 4.500000),0,0,0.5,True
13:47:40.794,(-2.479410, -0.103617, 4.500000),0,0,0.5,True
13:47:40.794,(-2.479410, -0.103617, 4.500000),0,0,0.5,True
13:47:40.804,(-2.472795, -0.103617, 4.500000),0,0,0.5,True
13:47:40.804,(-2.472795, -0.103617, 4.500000),0,0,0.5,True
13:47:40.828,(-2.472795, -0.103617, 4.500000),0,0,0.5,True
13:47:40.828,(-2.472795, -0.103617, 4.500000),0,0,0.5,True
13:47:40.844,(-2.472795, -0.103617, 4.500000),0,0,0.5,True
13:47:40.844,(-2.472795, -0.103617, 4.500000),0,0,0.5,True
13:47:40.862,(-2.472795, -0.103617, 4.500000),0.6000488,0.5,0.4944444,True
13:47:40.863,(-2.472795, -0.103617, 4.500000),0.6000488,0.5,0.4944444,True
13:47:41.796,(-2.472795, -0.103617, 4.500000),0,0.5,0.4777778,False
13:47:41.796,(-2.472795, -0.103617, 4.500000),0,0.5,0.4777778,False
13:47:41.808,(-2.472795, -0.103617, 4.500000),0,0.5,0.4777778,False
13:47:41.808,(-2.472795, -0.103617, 4.500000),0,0.5,0.4777778,False
13:47:41.821,(-2.472795, -0.103617, 4.500000),0,0.5,0.4777778,False
13:47:41.822,(-2.472795, -0.103617, 4.500000),0,0.5,0.4777778,False
13:47:41.839,(-2.472795, -0.103617, 4.500000),0,0.5,0.4777778,False
13:47:41.839,(-2.472795, -0.103617, 4.500000),0,0.5,0.4777778,False
