15:24:13.855,(-0.237309, -0.149914, 4.500000),0,0.5,0.4388889,True
15:24:13.882,(-0.131487, -0.645954, 4.500000),0,0.5,0.4333333,True
15:24:13.894,(-0.124874, -0.619499, 4.500000),0,0.5,0.4277778,True
15:24:13.912,(-0.111645, -0.593044, 4.500000),0,0.5,0.4277778,True
15:24:13.934,(-0.091803, -0.553360, 4.500000),0.1052375,0.5,0.4166667,True
15:24:13.961,(-0.071962, -0.507063, 4.500000),0.1272128,0.5,0.4055555,True
15:24:13.982,(-0.038891, -0.440924, 4.500000),0.1513857,0.5,0.3888889,True
15:24:13.998,(-0.019052, -0.381400, 4.500000),0.1784886,0.5,0.3833333,True
15:24:14.016,(0.007405, -0.315261, 4.500000),0.2694421,0.5,0.3722222,True
15:24:14.038,(0.027247, -0.275578, 4.500000),0.2694421,0.5,0.3722222,True
15:24:14.055,(0.066929, -0.189597, 4.500000),0.3850568,0.5,0.3666667,True
15:24:14.080,(0.106612, -0.130073, 4.500000),0.3850568,0.5,0.3666667,True
15:24:14.101,(0.146296, -0.077162, 4.500000),0.4103284,0.5,0.3611111,True
15:24:14.121,(0.199208, -0.024251, 4.500000),0.4121597,0.5,0.3555556,True
15:24:14.135,(0.225663, -0.004409, 4.500000),0.4121597,0.5,0.3555556,True
15:24:14.164,(0.245504, 0.015432, 4.500000),0.4371872,0.5,0.35,True
15:24:14.180,(0.305030, 0.028660, 4.500000),0.4380417,0.5,0.35,True
15:24:14.207,(0.324871, 0.028660, 4.500000),0.4380417,0.5,0.35,True
15:24:14.231,(0.364553, 0.008819, 4.500000),0.4327921,0.5,0.35,True
15:24:14.245,(0.397623, -0.024251, 4.500000),0.42974,0.5,0.35,True
15:24:14.262,(0.404236, -0.037479, 4.500000),0.4233915,0.5,0.35,True
15:24:14.286,(0.410850, -0.077162, 4.500000),0.4233915,0.5,0.35,True
15:24:14.303,(0.417465, -0.110231, 4.500000),0.4160664,0.5,0.35,True
15:24:14.329,(0.417465, -0.149914, 4.500000),0.4152118,0.5,0.35,True
15:24:14.352,(0.410850, -0.182984, 4.500000),0.4152118,0.5,0.35,True
15:24:14.368,(0.391010, -0.229281, 4.500000),0.4152118,0.5,0.35,True
15:24:14.383,(0.364553, -0.262350, 4.500000),0.4172873,0.5,0.35,True
15:24:14.409,(0.344711, -0.275578, 4.500000),0.4172873,0.5,0.35,True
15:24:14.429,(0.285188, -0.302033, 4.500000),0.4189965,0.5,0.35,True
15:24:14.450,(0.232276, -0.315261, 4.500000),0.4208277,0.5,0.35,True
15:24:14.473,(0.192592, -0.328489, 4.500000),0.4208277,0.5,0.35,True
15:24:14.489,(0.106612, -0.341716, 4.500000),0.4315712,0.5,0.35,True
15:24:14.507,(0.033860, -0.354944, 4.500000),0.4315712,0.5,0.35,True
15:24:14.537,(-0.012436, -0.361558, 4.500000),0.4390184,0.5,0.3444445,True
15:24:14.548,(-0.105032, -0.368172, 4.500000),0.4385301,0.5,0.3444445,True
15:24:14.574,(-0.171170, -0.361558, 4.500000),0.4418264,0.5,0.3444445,True
15:24:14.593,(-0.224080, -0.354944, 4.500000),0.4424368,0.5,0.3444445,True
15:24:14.612,(-0.290219, -0.328489, 4.500000),0.444146,0.5,0.3444445,True
15:24:14.627,(-0.316674, -0.315261, 4.500000),0.444146,0.5,0.3444445,True
15:24:14.653,(-0.329902, -0.302033, 4.500000),0.5600049,0.5,0.3388889,True
15:24:14.669,(-0.362973, -0.255736, 4.500000),0.5886949,0.5,0.3388889,True
15:24:14.697,(-0.382814, -0.222667, 4.500000),0.6816018,0.5,0.3388889,True
15:24:14.718,(-0.396041, -0.182984, 4.500000),1,0.5,0.3388889,True
15:24:14.734,(-0.402654, -0.143300, 4.500000),1,0.5,0.3388889,True
15:24:14.749,(-0.409269, -0.123459, 4.500000),1,0.5,0.3388889,True
15:24:14.776,(-0.409269, -0.116845, 4.500000),1,0.5,0.3444445,True
15:24:14.791,(-0.409269, -0.110231, 4.500000),1,0.5,0.3388889,True
15:24:14.817,(-0.409269, -0.110231, 4.500000),1,0.5,0.3388889,True
15:24:14.837,(-0.402654, -0.123459, 4.500000),1,0.5,0.3388889,True
15:24:14.856,(-0.396041, -0.143301, 4.500000),1,0.5,0.3388889,True
15:24:14.872,(-0.396041, -0.169756, 4.500000),1,0.5,0.3388889,True
15:24:14.899,(-0.389428, -0.196211, 4.500000),1,0.5,0.3388889,True
15:24:14.913,(-0.376199, -0.235895, 4.500000),1,0.5,0.3388889,True
15:24:14.942,(-0.369586, -0.262350, 4.500000),1,0.5,0.3388889,True
15:24:14.963,(-0.356357, -0.302033, 4.500000),1,0.5,0.3388889,True
15:24:14.978,(-0.349744, -0.335103, 4.500000),1,0.5,0.3388889,True
15:24:14.995,(-0.343131, -0.368172, 4.500000),1,0.5,0.3388889,True
15:24:15.021,(-0.336516, -0.388014, 4.500000),1,0.5,0.3444445,True
15:24:15.035,(-0.329902, -0.434311, 4.500000),1,0.5,0.3444445,True
15:24:15.062,(-0.329902, -0.447538, 4.500000),1,0.5,0.3444445,True
15:24:15.081,(-0.323289, -0.487221, 4.500000),1,0.5,0.3444445,True
15:24:15.098,(-0.329902, -0.520291, 4.500000),1,0.5,0.3444445,True
15:24:15.118,(-0.329902, -0.553360, 4.500000),1,0.5,0.35,True
15:24:15.142,(-0.343131, -0.593043, 4.500000),1,0.5,0.35,True
15:24:15.159,(-0.356357, -0.632727, 4.500000),1,0.5,0.35,True
15:24:15.183,(-0.382814, -0.672410, 4.500000),1,0.5,0.35,True
15:24:15.203,(-0.409269, -0.712093, 4.500000),1,0.5,0.35,True
15:24:15.224,(-0.462179, -0.751776, 4.500000),1,0.5,0.35,True
15:24:15.238,(-0.501863, -0.784846, 4.500000),1,0.5,0.3555556,True
15:24:15.264,(-0.541546, -0.804687, 4.500000),1,0.5,0.3611111,True
15:24:15.279,(-0.620913, -0.831143, 4.500000),1,0.5,0.3611111,True
15:24:15.305,(-0.667210, -0.831142, 4.500000),1,0.5,0.3611111,True
15:24:15.327,(-0.733349, -0.837757, 4.500000),1,0.5,0.3611111,True
15:24:15.345,(-0.825942, -0.831143, 4.500000),1,0.5,0.3611111,True
15:24:15.362,(-0.898696, -0.817915, 4.500000),1,0.5,0.3666667,True
15:24:15.388,(-0.964834, -0.784845, 4.500000),1,0.5,0.3666667,True
15:24:15.406,(-1.037586, -0.745162, 4.500000),1,0.5,0.3666667,True
15:24:15.433,(-1.103724, -0.685638, 4.500000),1,0.5,0.3722222,True
15:24:15.456,(-1.189705, -0.579816, 4.500000),1,0.5,0.3722222,True
15:24:15.474,(-1.269071, -0.434311, 4.500000),1,0.5,0.3722222,True
15:24:15.486,(-1.308755, -0.288806, 4.500000),1,0.5,0.3777778,True
15:24:15.512,(-1.315368, -0.182984, 4.500000),1,0.5,0.3777778,True
15:24:16.043,(-1.288913, -0.011023, 4.500000),0,0.5,0.4166667,True
15:24:16.069,(-0.243922, 0.200621, 4.500000),0,0.5,0.4277778,True
15:24:17.239,(-0.250535, 0.200621, 4.500000),0,0.5,0.4888889,True
15:24:17.255,(-0.250535, 0.200621, 4.500000),0,0.5,0.4888889,True
