14:50:17.958,(0.000000, 0.000000, 0.000000),0.5280185,0.4855556,0.4333333,True
14:50:17.971,(0.000000, 0.000000, 0.000000),0.5280185,0.4855556,0.4333333,True
14:50:17.996,(0.318256, 0.478403, 4.500000),0.7508241,0.4711111,0.4333333,True
14:50:17.996,(0.318256, 0.478403, 4.500000),0.7508241,0.4711111,0.4333333,True
14:50:18.011,(0.331485, 0.504859, 4.500000),0.7774386,0.4575,0.4333333,True
14:50:18.012,(0.331485, 0.504859, 4.500000),0.7774386,0.4575,0.4333333,True
14:50:18.031,(0.331485, 0.511472, 4.500000),0.7745086,0.4444444,0.4333333,True
14:50:18.032,(0.331485, 0.511472, 4.500000),0.7745086,0.4444444,0.4333333,True
14:50:18.054,(0.331485, 0.511472, 4.500000),1,0.4369445,0.4277778,True
14:50:18.055,(0.331485, 0.511472, 4.500000),1,0.4369445,0.4277778,True
14:50:18.068,(0.331485, 0.504859, 4.500000),1,0.4261111,0.4222222,True
14:50:18.069,(0.331485, 0.504859, 4.500000),1,0.4261111,0.4222222,True
14:50:18.081,(0.331485, 0.478403, 4.500000),1,0.4261111,0.4222222,True
14:50:18.081,(0.331485, 0.478403, 4.500000),1,0.4261111,0.4222222,True
14:50:18.100,(0.331485, 0.465175, 4.500000),1,0.4063889,0.4166667,True
14:50:18.102,(0.331485, 0.465175, 4.500000),1,0.4063889,0.4166667,True
14:50:18.117,(0.331485, 0.412264, 4.500000),1,0.3975,0.4166667,True
14:50:18.118,(0.331485, 0.412264, 4.500000),1,0.4036111,0.4111111,True
14:50:18.146,(0.318256, 0.346126, 4.500000),1,0.4036111,0.4111111,True
14:50:18.149,(0.318256, 0.346126, 4.500000),1,0.4036111,0.4111111,True
14:50:18.177,(0.318256, 0.240304, 4.500000),1,0.4088889,0.4055555,True
14:50:18.178,(0.318256, 0.240304, 4.500000),1,0.4088889,0.4055555,True
14:50:18.195,(0.331485, 0.101413, 4.500000),1,0.4088889,0.4055555,True
14:50:18.195,(0.331485, 0.101413, 4.500000),1,0.4088889,0.4055555,True
14:50:18.208,(0.331485, 0.041888, 4.500000),1,0.4088889,0.4055555,True
14:50:18.208,(0.331485, 0.041888, 4.500000),1,0.4088889,0.4055555,True
14:50:18.225,(0.338098, -0.011023, 4.500000),1,0.4119444,0.4111111,True
14:50:18.226,(0.338098, -0.011023, 4.500000),1,0.4119444,0.4111111,True
14:50:18.239,(0.351326, -0.077162, 4.500000),1,0.4158333,0.4222222,True
14:50:18.240,(0.351326, -0.077162, 4.500000),1,0.4158333,0.4222222,True
14:50:18.269,(0.357940, -0.116845, 4.500000),1,0.4097222,0.4222222,True
14:50:18.270,(0.357940, -0.116845, 4.500000),1,0.4097222,0.4222222,True
14:50:18.292,(0.364553, -0.169756, 4.500000),1,0.4097222,0.4222222,True
14:50:18.293,(0.364553, -0.169756, 4.500000),1,0.4097222,0.4222222,True
14:50:18.309,(0.371168, -0.196211, 4.500000),1,0.4027778,0.4277778,True
14:50:18.309,(0.371168, -0.196211, 4.500000),1,0.4027778,0.4277778,True
14:50:18.323,(0.371168, -0.209439, 4.500000),1,0.4027778,0.4277778,True
14:50:18.323,(0.371168, -0.209439, 4.500000),1,0.4027778,0.4277778,True
14:50:18.342,(0.371168, -0.222667, 4.500000),1,0.3947222,0.4333333,True
14:50:18.342,(0.371168, -0.222667, 4.500000),1,0.3947222,0.4333333,True
14:50:18.356,(0.377781, -0.222667, 4.500000),1,0.3947222,0.4333333,True
14:50:18.356,(0.377781, -0.222667, 4.500000),1,0.3947222,0.4333333,True
14:50:18.382,(0.377781, -0.222667, 4.500000),1,0.3747222,0.4333333,True
14:50:18.383,(0.377781, -0.222667, 4.500000),1,0.3747222,0.4333333,True
14:50:19.253,(0.371168, -0.222667, 4.500000),0.3501404,0.5,0.4666667,True
14:50:19.254,(0.371168, -0.222667, 4.500000),0.3501404,0.5,0.4666667,True
14:50:19.267,(0.318256, 0.868621, 4.500000),0.495666,0.5,0.4611111,True
14:50:19.267,(0.318256, 0.868621, 4.500000),0.495666,0.5,0.4611111,True
14:50:19.292,(0.318256, 0.875235, 4.500000),0.5799048,0.48,0.45,True
14:50:19.293,(0.318256, 0.875235, 4.500000),0.5799048,0.48,0.45,True
14:50:19.305,(0.318256, 0.895077, 4.500000),0.5889391,0.4683333,0.4388889,True
14:50:19.306,(0.318256, 0.895077, 4.500000),0.5889391,0.4683333,0.4388889,True
14:50:19.333,(0.311643, 0.888463, 4.500000),0.5899158,0.4444444,0.4333333,True
14:50:19.334,(0.311643, 0.888463, 4.500000),0.5899158,0.4444444,0.4333333,True
14:50:19.354,(0.278573, 0.868621, 4.500000),0.5950434,0.4369445,0.4277778,True
14:50:19.354,(0.278573, 0.868621, 4.500000),0.5950434,0.4369445,0.4277778,True
14:50:19.370,(0.252118, 0.842166, 4.500000),0.6513246,0.4413889,0.4222222,True
14:50:19.370,(0.252118, 0.842166, 4.500000),0.6513246,0.4413889,0.4222222,True
14:50:19.384,(0.225663, 0.822324, 4.500000),0.7493591,0.4452778,0.4166667,True
14:50:19.385,(0.225663, 0.822324, 4.500000),0.7493591,0.4452778,0.4166667,True
14:50:19.408,(0.219049, 0.809096, 4.500000),1,0.4391667,0.4055555,True
14:50:19.408,(0.219049, 0.809096, 4.500000),1,0.4391667,0.4055555,True
14:50:19.425,(0.225663, 0.795869, 4.500000),1,0.4302778,0.4055555,True
14:50:19.425,(0.225663, 0.795869, 4.500000),1,0.4302778,0.4055555,True
14:50:19.452,(0.232276, 0.789255, 4.500000),1,0.4261111,0.4,True
14:50:19.453,(0.232276, 0.789255, 4.500000),1,0.4261111,0.4,True
14:50:19.472,(0.265346, 0.769413, 4.500000),1,0.4261111,0.4,True
14:50:19.473,(0.265346, 0.769413, 4.500000),1,0.4261111,0.4,True
14:50:19.487,(0.305030, 0.756186, 4.500000),1,0.4261111,0.4,True
14:50:19.488,(0.305030, 0.756186, 4.500000),1,0.4261111,0.4,True
14:50:19.502,(0.318256, 0.742958, 4.500000),1,0.4261111,0.4,True
14:50:19.503,(0.318256, 0.742958, 4.500000),1,0.4261111,0.4,True
14:50:19.526,(0.318256, 0.729730, 4.500000),1,0.4261111,0.4,True
14:50:19.527,(0.318256, 0.729730, 4.500000),1,0.4261111,0.4,True
14:50:19.541,(0.291801, 0.696661, 4.500000),1,0.4261111,0.4,True
14:50:19.542,(0.291801, 0.696661, 4.500000),1,0.4261111,0.4,True
14:50:19.572,(0.225663, 0.656977, 4.500000),1,0.4261111,0.4,True
14:50:19.573,(0.225663, 0.656977, 4.500000),1,0.4261111,0.4,True
14:50:19.593,(0.146296, 0.610681, 4.500000),1,0.4261111,0.4,True
14:50:19.593,(0.146296, 0.610681, 4.500000),1,0.4261111,0.4,True
14:50:19.607,(0.093386, 0.597453, 4.500000),1,0.4261111,0.4,True
14:50:19.609,(0.093386, 0.597453, 4.500000),1,0.4261111,0.4,True
14:50:19.621,(0.080157, 0.604067, 4.500000),1,0.4261111,0.4,True
14:50:19.621,(0.080157, 0.604067, 4.500000),1,0.4261111,0.4,True
14:50:21.205,(0.080157, 0.617294, 4.500000),0,0.4822222,0.3944444,True
14:50:21.205,(0.080157, 0.617294, 4.500000),0,0.4822222,0.3944444,True
14:50:21.221,(0.080157, 0.617294, 4.500000),0.3937248,0.4608333,0.3833333,True
14:50:21.222,(0.080157, 0.617294, 4.500000),0.3937248,0.4608333,0.3833333,True
14:50:21.242,(0.080157, 0.617294, 4.500000),0.3744354,0.4508333,0.3666667,True
14:50:21.242,(0.080157, 0.617294, 4.500000),0.3744354,0.4508333,0.3666667,True
