14:06:51.504,(-2.340518, 0.068343, 4.500000),0,0,0.5,True
14:06:51.504,(-2.340518, 0.068343, 4.500000),0,0,0.5,True
14:06:51.528,(-1.904004, -0.295420, 4.500000),0,0,0.5,True
14:06:51.528,(-1.904004, -0.295420, 4.500000),0,0,0.5,True
14:06:51.542,(-1.904003, -0.288806, 4.500000),0,0,0.5,True
14:06:51.542,(-1.904003, -0.288806, 4.500000),0,0,0.5,True
14:06:51.557,(-1.897388, -0.288806, 4.500000),0,0,0.5,True
14:06:51.558,(-1.897388, -0.288806, 4.500000),0,0,0.5,True
14:06:51.571,(-1.897388, -0.282192, 4.500000),0,0,0.5,True
14:06:51.572,(-1.897388, -0.282192, 4.500000),0,0,0.5,True
14:06:51.591,(-1.890775, -0.282192, 4.500000),0,0,0.5,True
14:06:51.593,(-1.890775, -0.282192, 4.500000),0,0,0.5,True
14:06:51.612,(-1.884162, -0.275578, 4.500000),0.2530827,0,0.5,True
14:06:51.612,(-1.884162, -0.275578, 4.500000),0.2530827,0,0.5,True
14:06:51.626,(-1.864320, -0.262350, 4.500000),0.4507386,0.5,0.4944444,True
14:06:51.627,(-1.864320, -0.262350, 4.500000),0.4507386,0.5,0.4944444,True
14:06:51.640,(-1.837863, -0.242509, 4.500000),0.4507386,0.5,0.4944444,True
14:06:51.641,(-1.837863, -0.242509, 4.500000),0.4507386,0.5,0.4944444,True
14:06:51.655,(-1.811408, -0.229281, 4.500000),0.4651447,0.5,0.4888889,True
14:06:51.655,(-1.811408, -0.229281, 4.500000),0.4651447,0.5,0.4888889,True
14:06:51.668,(-1.791566, -0.216053, 4.500000),0.51581,0.5,0.4888889,True
14:06:51.668,(-1.791566, -0.216053, 4.500000),0.51581,0.5,0.4888889,True
14:06:51.693,(-1.765111, -0.202825, 4.500000),0.679038,0.5,0.4833333,True
14:06:51.694,(-1.765111, -0.202825, 4.500000),0.8201685,0.5,0.4833333,True
14:06:51.713,(-1.732043, -0.182984, 4.500000),0.8809669,0.5,0.4833333,True
14:06:51.713,(-1.732043, -0.182984, 4.500000),0.8809669,0.5,0.4833333,True
14:06:51.728,(-1.705586, -0.169756, 4.500000),0.9737517,0.5,0.4777778,True
14:06:51.729,(-1.705586, -0.169756, 4.500000),0.9737517,0.5,0.4777778,True
14:06:51.741,(-1.692359, -0.163142, 4.500000),0.9737517,0.5,0.4777778,True
14:06:51.741,(-1.692359, -0.163142, 4.500000),0.9737517,0.5,0.4777778,True
14:06:51.755,(-1.692359, -0.156528, 4.500000),1,0.5,0.4777778,True
14:06:51.756,(-1.692359, -0.156528, 4.500000),1,0.5,0.4777778,True
14:06:51.772,(-1.685744, -0.156528, 4.500000),1,0.5,0.4777778,True
14:06:51.772,(-1.685744, -0.156528, 4.500000),1,0.5,0.4777778,True
14:06:51.793,(-1.692359, -0.156528, 4.500000),1,0.5,0.4722222,True
14:06:51.794,(-1.692359, -0.156528, 4.500000),1,0.5,0.4722222,True
14:06:51.815,(-1.705586, -0.156528, 4.500000),1,0.5,0.4722222,True
14:06:51.815,(-1.705586, -0.156528, 4.500000),1,0.5,0.4722222,True
14:06:51.829,(-1.758498, -0.169756, 4.500000),1,0.5,0.4722222,True
14:06:51.829,(-1.758498, -0.169756, 4.500000),1,0.5,0.4722222,True
14:06:51.841,(-1.798181, -0.182984, 4.500000),1,0.5,0.4722222,True
14:06:51.841,(-1.798181, -0.182984, 4.500000),1,0.5,0.4722222,True
14:06:51.857,(-1.844478, -0.189597, 4.500000),1,0.5,0.4722222,True
14:06:51.857,(-1.844478, -0.189597, 4.500000),1,0.5,0.4722222,True
14:06:51.871,(-1.904003, -0.202825, 4.500000),1,0.5,0.4722222,True
14:06:51.871,(-1.904003, -0.202825, 4.500000),1,0.5,0.4722222,True
14:06:51.894,(-1.956913, -0.216053, 4.500000),1,0.5,0.4777778,True
14:06:51.894,(-1.956913, -0.216053, 4.500000),1,0.5,0.4777778,True
14:06:51.916,(-2.049507, -0.235895, 4.500000),1,0.5,0.4722222,True
14:06:51.916,(-2.049507, -0.235895, 4.500000),1,0.5,0.4722222,True
14:06:51.931,(-2.168557, -0.262350, 4.500000),1,0.5,0.4722222,True
14:06:51.931,(-2.168557, -0.262350, 4.500000),1,0.5,0.4722222,True
14:06:51.943,(-2.228083, -0.268964, 4.500000),1,0.5,0.4722222,True
14:06:51.943,(-2.228083, -0.268964, 4.500000),1,0.5,0.4722222,True
14:06:51.958,(-2.314063, -0.282192, 4.500000),1,0.5,0.4722222,True
14:06:51.958,(-2.314063, -0.282192, 4.500000),1,0.5,0.4722222,True
14:06:51.975,(-2.360360, -0.288806, 4.500000),1,0.5,0.4722222,True
14:06:51.975,(-2.360360, -0.288806, 4.500000),1,0.5,0.4722222,True
14:06:52.002,(-2.406657, -0.288806, 4.500000),1,0.5,0.4722222,True
14:06:52.003,(-2.406657, -0.288806, 4.500000),1,0.5,0.4722222,True
14:06:52.024,(-2.472795, -0.295420, 4.500000),1,0.5,0.4666667,True
14:06:52.024,(-2.472795, -0.295420, 4.500000),1,0.5,0.4666667,True
14:06:52.040,(-2.525707, -0.275578, 4.500000),1,0.5,0.4611111,True
14:06:52.041,(-2.525707, -0.275578, 4.500000),1,0.5,0.4611111,True
14:06:52.054,(-2.545549, -0.262350, 4.500000),1,0.5,0.4611111,True
14:06:52.054,(-2.545549, -0.262350, 4.500000),1,0.5,0.4611111,True
14:06:52.069,(-2.558775, -0.242509, 4.500000),1,0.5,0.4611111,True
14:06:52.069,(-2.558775, -0.242509, 4.500000),1,0.5,0.4611111,True
14:06:52.085,(-2.578617, -0.209439, 4.500000),1,0.5,0.4611111,True
14:06:52.086,(-2.578617, -0.209439, 4.500000),1,0.5,0.4611111,True
14:06:52.109,(-2.578617, -0.196211, 4.500000),1,0.5,0.4555556,True
14:06:52.110,(-2.578617, -0.196211, 4.500000),1,0.5,0.4555556,True
14:06:52.127,(-2.585230, -0.182984, 4.500000),1,0.5,0.4555556,True
14:06:52.127,(-2.585230, -0.182984, 4.500000),1,0.5,0.4555556,True
14:06:52.142,(-2.585230, -0.182984, 4.500000),1,0.5,0.4555556,True
14:06:52.142,(-2.585230, -0.182984, 4.500000),1,0.5,0.4555556,True
14:06:52.153,(-2.585230, -0.182984, 4.500000),1,0.5,0.45,True
14:06:52.154,(-2.585230, -0.182984, 4.500000),1,0.5,0.45,True
14:06:52.171,(-2.585230, -0.182984, 4.500000),1,0.5,0.45,True
14:06:52.171,(-2.585230, -0.182984, 4.500000),1,0.5,0.45,True
14:06:52.186,(-2.585230, -0.196211, 4.500000),1,0.5,0.45,True
14:06:52.186,(-2.585230, -0.196211, 4.500000),1,0.5,0.45,True
14:06:52.211,(-2.585231, -0.209439, 4.500000),1,0.5,0.45,True
14:06:52.212,(-2.585231, -0.209439, 4.500000),1,0.5,0.45,True
14:06:52.232,(-2.578617, -0.249122, 4.500000),1,0.5,0.4555556,True
14:06:52.232,(-2.578617, -0.249122, 4.500000),1,0.5,0.4555556,True
14:06:52.247,(-2.565389, -0.315261, 4.500000),1,0.5,0.4555556,True
14:06:52.247,(-2.565389, -0.315261, 4.500000),1,0.5,0.4555556,True
14:06:52.258,(-2.565388, -0.348330, 4.500000),1,0.5,0.4555556,True
14:06:52.259,(-2.565388, -0.348330, 4.500000),1,0.5,0.4555556,True
14:06:52.273,(-2.552162, -0.381400, 4.500000),1,0.5,0.4611111,True
14:06:52.274,(-2.552162, -0.381400, 4.500000),1,0.5,0.4611111,True
14:06:52.288,(-2.552162, -0.421083, 4.500000),1,0.5,0.4611111,True
14:06:52.288,(-2.552162, -0.421083, 4.500000),1,0.5,0.4611111,True
14:06:52.309,(-2.552162, -0.473994, 4.500000),1,0.5,0.4611111,True
14:06:52.309,(-2.552162, -0.473994, 4.500000),1,0.5,0.4611111,True
14:06:52.329,(-2.558775, -0.500449, 4.500000),1,0.5,0.4611111,True
14:06:52.329,(-2.558775, -0.500449, 4.500000),1,0.5,0.4611111,True
14:06:52.343,(-2.578617, -0.559974, 4.500000),1,0.5,0.4611111,True
14:06:52.344,(-2.578617, -0.559974, 4.500000),1,0.5,0.4611111,True
14:06:52.358,(-2.591846, -0.579816, 4.500000),1,0.5,0.4611111,True
14:06:52.358,(-2.591846, -0.579816, 4.500000),1,0.5,0.4611111,True
14:06:52.375,(-2.618300, -0.599657, 4.500000),1,0.5,0.4666667,True
14:06:52.375,(-2.618300, -0.599657, 4.500000),1,0.5,0.4666667,True
14:06:52.389,(-2.657984, -0.619499, 4.500000),1,0.5,0.4666667,True
14:06:52.390,(-2.657984, -0.619499, 4.500000),1,0.5,0.4666667,True
14:06:52.409,(-2.684439, -0.626113, 4.500000),1,0.5,0.4722222,True
14:06:52.410,(-2.684439, -0.626113, 4.500000),1,0.5,0.4722222,True
14:06:52.430,(-2.717509, -0.632727, 4.500000),1,0.5,0.4722222,True
14:06:52.431,(-2.717509, -0.632727, 4.500000),1,0.5,0.4722222,True
14:06:52.446,(-2.783648, -0.632727, 4.500000),1,0.5,0.4777778,True
14:06:52.447,(-2.783648, -0.632727, 4.500000),1,0.5,0.4777778,True
14:06:52.458,(-2.810103, -0.619499, 4.500000),1,0.5,0.4777778,True
14:06:52.459,(-2.810103, -0.619499, 4.500000),1,0.5,0.4777778,True
14:06:52.473,(-2.836558, -0.599657, 4.500000),1,0.5,0.4833333,True
14:06:52.473,(-2.836558, -0.599657, 4.500000),1,0.5,0.4833333,True
14:06:52.489,(-2.856400, -0.579816, 4.500000),1,0.5,0.4888889,True
14:06:52.489,(-2.856400, -0.579816, 4.500000),1,0.5,0.4888889,True
14:06:52.509,(-2.882854, -0.526905, 4.500000),1,0.5,0.4944444,True
14:06:52.510,(-2.882854, -0.526905, 4.500000),1,0.5,0.4944444,True
14:06:52.531,(-2.889470, -0.460766, 4.500000),1,0.5,0.4944444,True
14:06:52.532,(-2.889470, -0.460766, 4.500000),1,0.5,0.4944444,True
14:06:52.547,(-2.882854, -0.381400, 4.500000),1,0,0.5,True
14:06:52.547,(-2.882854, -0.381400, 4.500000),1,0,0.5,True
14:06:52.560,(-2.856400, -0.302033, 4.500000),1,0,0.5,True
14:06:52.560,(-2.856400, -0.302033, 4.500000),1,0,0.5,True
14:06:52.576,(-2.843173, -0.255736, 4.500000),1,0,0.5,True
14:06:52.576,(-2.843173, -0.255736, 4.500000),1,0,0.5,True
14:06:52.589,(-2.816716, -0.216053, 4.500000),1,0,0.5,True
14:06:52.589,(-2.816716, -0.216053, 4.500000),1,0,0.5,True
14:06:53.822,(-2.777033, -0.182984, 4.500000),0,0,0.5,True
14:06:53.822,(-2.777033, -0.182984, 4.500000),0,0,0.5,True
14:06:53.835,(-2.777033, -0.182984, 4.500000),0,0,0.5,True
14:06:53.835,(-2.777033, -0.182984, 4.500000),0,0,0.5,True
14:06:53.852,(-2.777033, -0.182984, 4.500000),0,0,0.5,True
14:06:53.853,(-2.777033, -0.182984, 4.500000),0,0,0.5,True
14:06:53.868,(-2.777033, -0.182984, 4.500000),0,0,0.5,True
14:06:53.868,(-2.777033, -0.182984, 4.500000),0,0,0.5,True
