14:52:42.638,(0.688634, -0.685638, 4.500000),0,0,0.5,True
14:52:42.638,(0.688634, -0.685638, 4.500000),0,0,0.5,True
14:52:42.664,(0.946575, 0.108026, 4.500000),0,0,0.5,True
14:52:42.664,(0.946575, 0.108026, 4.500000),0,0,0.5,True
14:52:42.677,(0.953188, 0.101413, 4.500000),0,0,0.5,True
14:52:42.677,(0.953188, 0.101413, 4.500000),0,0,0.5,True
14:52:42.698,(0.953188, 0.094799, 4.500000),0,0,0.5,True
14:52:42.700,(0.953188, 0.094799, 4.500000),0,0,0.5,True
14:52:42.714,(0.959801, 0.074957, 4.500000),0,0.5,0.4944444,True
14:52:42.714,(0.959801, 0.074957, 4.500000),0,0.5,0.4944444,True
14:52:42.746,(0.959801, 0.055116, 4.500000),0.5764864,0.5,0.4777778,True
14:52:42.747,(0.959801, 0.055116, 4.500000),0.5764864,0.5,0.4777778,True
14:52:42.765,(0.973030, 0.002205, 4.500000),0.5770968,0.5,0.4777778,True
14:52:42.765,(0.973030, 0.002205, 4.500000),0.5770968,0.5,0.4777778,True
14:52:42.780,(0.986256, -0.024251, 4.500000),1,0.4772222,0.4555556,True
14:52:42.780,(0.986256, -0.024251, 4.500000),1,0.4772222,0.4555556,True
14:52:42.795,(0.992872, -0.050706, 4.500000),1,0.48,0.45,True
14:52:42.795,(0.992872, -0.050706, 4.500000),1,0.48,0.45,True
14:52:42.819,(1.006098, -0.090390, 4.500000),1,0.465,0.4444444,True
14:52:42.819,(1.006098, -0.090390, 4.500000),1,0.465,0.4444444,True
14:52:42.835,(1.006098, -0.143301, 4.500000),1,0.465,0.4444444,True
14:52:42.836,(1.006098, -0.143301, 4.500000),1,0.465,0.4444444,True
14:52:42.865,(1.006098, -0.189597, 4.500000),1,0.4638889,0.4222222,True
14:52:42.866,(1.006098, -0.189597, 4.500000),1,0.4638889,0.4222222,True
14:52:42.883,(0.999485, -0.249122, 4.500000),1,0.4663889,0.4166667,True
14:52:42.883,(0.999485, -0.249122, 4.500000),1,0.4663889,0.4166667,True
14:52:42.898,(0.992872, -0.282192, 4.500000),1,0.4663889,0.4166667,True
14:52:42.898,(0.992872, -0.282192, 4.500000),1,0.4663889,0.4166667,True
14:52:42.914,(0.979643, -0.302033, 4.500000),1,0.4683333,0.4111111,True
14:52:42.914,(0.979643, -0.302033, 4.500000),1,0.4683333,0.4111111,True
14:52:42.937,(0.966415, -0.328489, 4.500000),1,0.4683333,0.4111111,True
14:52:42.937,(0.966415, -0.328489, 4.500000),1,0.4683333,0.4111111,True
14:52:42.955,(0.939959, -0.354944, 4.500000),1,0.4788889,0.4111111,True
14:52:42.956,(0.939959, -0.354944, 4.500000),1,0.4788889,0.4111111,True
14:52:42.982,(0.893663, -0.381400, 4.500000),1,0.4788889,0.4111111,True
14:52:42.982,(0.893663, -0.381400, 4.500000),1,0.4788889,0.4111111,True
14:52:43.002,(0.834138, -0.401241, 4.500000),1,0.4891667,0.4111111,True
14:52:43.002,(0.834138, -0.401241, 4.500000),1,0.4891667,0.4111111,True
14:52:43.020,(0.728316, -0.427697, 4.500000),1,0.4891667,0.4111111,True
14:52:43.020,(0.728316, -0.427697, 4.500000),1,0.4891667,0.4111111,True
14:52:43.032,(0.622494, -0.447538, 4.500000),1,0.4886111,0.4166667,True
14:52:43.032,(0.622494, -0.447538, 4.500000),1,0.4886111,0.4166667,True
14:52:43.060,(0.556355, -0.460766, 4.500000),1,0.4772222,0.4166667,True
14:52:43.060,(0.556355, -0.460766, 4.500000),1,0.4772222,0.4166667,True
14:52:43.075,(0.410850, -0.480608, 4.500000),1,0.4772222,0.4166667,True
14:52:43.076,(0.410850, -0.480608, 4.500000),1,0.4772222,0.4166667,True
14:52:43.100,(0.338098, -0.487221, 4.500000),1,0.4755556,0.4222222,True
14:52:43.101,(0.338098, -0.487221, 4.500000),1,0.4755556,0.4222222,True
14:52:43.121,(0.238889, -0.493835, 4.500000),1,0.4663889,0.4166667,True
14:52:43.121,(0.238889, -0.493835, 4.500000),1,0.4663889,0.4166667,True
14:52:43.136,(0.126454, -0.487221, 4.500000),1,0.4663889,0.4166667,True
14:52:43.136,(0.126454, -0.487221, 4.500000),1,0.4663889,0.4166667,True
14:52:43.155,(0.080157, -0.473994, 4.500000),1,0.4555556,0.4166667,True
14:52:43.156,(0.080157, -0.473994, 4.500000),1,0.4555556,0.4166667,True
14:52:43.173,(0.014019, -0.460766, 4.500000),1,0.4555556,0.4166667,True
14:52:43.173,(0.014019, -0.460766, 4.500000),1,0.4555556,0.4166667,True
14:52:43.193,(-0.045507, -0.447538, 4.500000),1,0.4452778,0.4166667,True
14:52:43.193,(-0.045507, -0.447538, 4.500000),1,0.4452778,0.4166667,True
14:52:43.219,(-0.091803, -0.434311, 4.500000),1,0.4452778,0.4166667,True
14:52:43.220,(-0.091803, -0.434311, 4.500000),1,0.4452778,0.4166667,True
14:52:43.239,(-0.118258, -0.421083, 4.500000),1,0.4452778,0.4166667,True
14:52:43.240,(-0.118258, -0.421083, 4.500000),1,0.4452778,0.4166667,True
14:52:43.256,(-0.157942, -0.388014, 4.500000),1,0.4555556,0.4166667,True
14:52:43.257,(-0.157942, -0.388014, 4.500000),1,0.4555556,0.4166667,True
14:52:43.271,(-0.177784, -0.354944, 4.500000),1,0.4555556,0.4166667,True
14:52:43.272,(-0.177784, -0.354944, 4.500000),1,0.4555556,0.4166667,True
14:52:43.297,(-0.184397, -0.341716, 4.500000),1,0.4583333,0.4111111,True
14:52:43.297,(-0.184397, -0.341716, 4.500000),1,0.4583333,0.4111111,True
14:52:43.312,(-0.197625, -0.288806, 4.500000),1,0.4583333,0.4111111,True
14:52:43.312,(-0.197625, -0.288806, 4.500000),1,0.4583333,0.4111111,True
14:52:43.339,(-0.204239, -0.249122, 4.500000),1,0.4555556,0.4166667,True
14:52:43.339,(-0.204239, -0.249122, 4.500000),1,0.4555556,0.4166667,True
14:52:43.360,(-0.204239, -0.196211, 4.500000),1,0.4555556,0.4166667,True
14:52:43.361,(-0.204239, -0.196211, 4.500000),1,0.4555556,0.4166667,True
14:52:43.375,(-0.204239, -0.136687, 4.500000),1,0.4555556,0.4166667,True
14:52:43.376,(-0.204239, -0.136687, 4.500000),1,0.4555556,0.4166667,True
14:52:43.391,(-0.204239, -0.110231, 4.500000),1,0.4555556,0.4166667,True
14:52:43.391,(-0.204239, -0.110231, 4.500000),1,0.4555556,0.4166667,True
14:52:43.415,(-0.210854, -0.077162, 4.500000),1,0.4583333,0.4111111,True
14:52:43.415,(-0.210854, -0.077162, 4.500000),1,0.4583333,0.4111111,True
14:52:43.431,(-0.204239, -0.050706, 4.500000),1,0.4583333,0.4111111,True
14:52:43.431,(-0.204239, -0.050706, 4.500000),1,0.4583333,0.4111111,True
14:52:43.458,(-0.204239, -0.037479, 4.500000),1,0.4583333,0.4111111,True
14:52:43.458,(-0.204239, -0.037479, 4.500000),1,0.4583333,0.4111111,True
14:52:43.476,(-0.210854, -0.024251, 4.500000),1,0.4583333,0.4111111,True
14:52:43.477,(-0.210854, -0.024251, 4.500000),1,0.4583333,0.4111111,True
14:52:43.493,(-0.210854, -0.024251, 4.500000),1,0.4583333,0.4111111,True
14:52:43.494,(-0.210854, -0.024251, 4.500000),1,0.4583333,0.4111111,True
14:52:43.938,(-0.210854, -0.017637, 4.500000),0,0.5,0.4777778,True
14:52:43.939,(-0.210854, -0.017637, 4.500000),0,0.5,0.4777778,True
14:52:43.961,(0.582812, 0.220462, 4.500000),0,0.5,0.4833333,True
14:52:43.962,(0.582812, 0.220462, 4.500000),0,0.5,0.4833333,True
14:52:43.972,(0.562970, 0.220462, 4.500000),0,0.5,0.4833333,True
14:52:43.973,(0.562970, 0.220462, 4.500000),0,0.5,0.4833333,True
14:52:44.000,(0.529900, 0.213848, 4.500000),0,0.5,0.4888889,True
14:52:44.000,(0.529900, 0.213848, 4.500000),0,0.5,0.4888889,True
14:52:44.021,(0.457148, 0.187393, 4.500000),0,0.5,0.4888889,True
14:52:44.022,(0.457148, 0.187393, 4.500000),0,0.5,0.4888889,True
14:52:44.037,(0.357940, 0.160938, 4.500000),0,0.5,0.4888889,True
14:52:44.037,(0.357940, 0.160938, 4.500000),0,0.5,0.4888889,True
14:52:44.052,(0.318256, 0.147710, 4.500000),0,0.5,0.4888889,True
14:52:44.052,(0.318256, 0.147710, 4.500000),0,0.5,0.4888889,True
14:52:44.075,(0.278573, 0.147710, 4.500000),1,0.4261111,0.4722222,True
14:52:44.075,(0.278573, 0.147710, 4.500000),1,0.4261111,0.4722222,True
14:52:44.090,(0.225663, 0.154324, 4.500000),1,0.4261111,0.4722222,True
14:52:44.091,(0.225663, 0.154324, 4.500000),1,0.4261111,0.4722222,True
14:52:44.117,(0.212434, 0.160938, 4.500000),1,0.4486111,0.4444444,True
14:52:44.118,(0.212434, 0.160938, 4.500000),1,0.4486111,0.4444444,True
14:52:45.101,(0.199208, 0.167551, 4.500000),0,0,0.5,True
14:52:45.102,(0.199208, 0.167551, 4.500000),0,0,0.5,True
14:52:45.114,(0.199208, 0.167551, 4.500000),0,0,0.5,True
14:52:45.115,(0.199208, 0.167551, 4.500000),0,0,0.5,True
14:52:45.134,(0.199208, 0.167551, 4.500000),0,0.2497222,0.4944444,True
14:52:45.134,(0.199208, 0.167551, 4.500000),0,0.2497222,0.4944444,True
14:52:45.156,(0.199208, 0.167551, 4.500000),0,0.2497222,0.4944444,True
14:52:45.156,(0.199208, 0.167551, 4.500000),0,0.2497222,0.4944444,True
