14:56:34.503,(0.212434, -0.652568, 4.500000),0,0,0.5,True
14:56:34.503,(0.212434, -0.652568, 4.500000),0,0,0.5,True
14:56:34.524,(0.781228, 0.127868, 4.500000),0,0,0.5,True
14:56:34.525,(0.781228, 0.127868, 4.500000),0,0,0.5,True
14:56:34.541,(0.774612, 0.121254, 4.500000),0,0,0.5,True
14:56:34.541,(0.774612, 0.121254, 4.500000),0,0,0.5,True
14:56:34.562,(0.774612, 0.081571, 4.500000),0,0,0.5,True
14:56:34.562,(0.774612, 0.081571, 4.500000),0,0,0.5,True
14:56:34.577,(0.787841, 0.028660, 4.500000),0,0,0.5,True
14:56:34.577,(0.787841, 0.028660, 4.500000),0,0,0.5,True
14:56:34.606,(0.801069, -0.011023, 4.500000),1,0.5,0.4888889,True
14:56:34.607,(0.801069, -0.011023, 4.500000),1,0.5,0.4888889,True
14:56:34.628,(0.827524, -0.090390, 4.500000),1,0.4608333,0.4722222,True
14:56:34.628,(0.827524, -0.090390, 4.500000),1,0.4608333,0.4722222,True
14:56:34.642,(0.860594, -0.163142, 4.500000),1,0.4608333,0.4722222,True
14:56:34.643,(0.860594, -0.163142, 4.500000),1,0.4608333,0.4722222,True
14:56:34.656,(0.867208, -0.196211, 4.500000),1,0.4683333,0.4666667,True
14:56:34.656,(0.867208, -0.196211, 4.500000),1,0.4683333,0.4666667,True
14:56:34.682,(0.873821, -0.222667, 4.500000),1,0.4608333,0.45,True
14:56:34.682,(0.873821, -0.222667, 4.500000),1,0.4608333,0.45,True
14:56:34.696,(0.867208, -0.288806, 4.500000),1,0.4608333,0.45,True
14:56:34.696,(0.867208, -0.288806, 4.500000),1,0.4608333,0.45,True
14:56:34.726,(0.860594, -0.315261, 4.500000),1,0.4486111,0.4444444,True
14:56:34.726,(0.860594, -0.315261, 4.500000),1,0.4486111,0.4444444,True
14:56:34.748,(0.847366, -0.368172, 4.500000),1,0.4486111,0.4444444,True
14:56:34.748,(0.847366, -0.368172, 4.500000),1,0.4486111,0.4444444,True
14:56:34.763,(0.807683, -0.407855, 4.500000),1,0.4486111,0.4444444,True
14:56:34.763,(0.807683, -0.407855, 4.500000),1,0.4486111,0.4444444,True
14:56:34.776,(0.774612, -0.421083, 4.500000),1,0.4319444,0.4277778,True
14:56:34.776,(0.774612, -0.421083, 4.500000),1,0.4319444,0.4277778,True
14:56:34.799,(0.728316, -0.434311, 4.500000),1,0.4319444,0.4277778,True
14:56:34.799,(0.728316, -0.434311, 4.500000),1,0.4319444,0.4277778,True
14:56:34.815,(0.609267, -0.460766, 4.500000),1,0.4191667,0.4388889,True
14:56:34.815,(0.609267, -0.460766, 4.500000),1,0.4191667,0.4388889,True
14:56:34.841,(0.543129, -0.467380, 4.500000),1,0.4191667,0.4388889,True
14:56:34.842,(0.543129, -0.467380, 4.500000),1,0.4191667,0.4388889,True
14:56:34.863,(0.437307, -0.480608, 4.500000),1,0.4191667,0.4388889,True
14:56:34.863,(0.437307, -0.480608, 4.500000),1,0.4191667,0.4388889,True
14:56:34.879,(0.305030, -0.493835, 4.500000),1,0.4191667,0.4388889,True
14:56:34.880,(0.305030, -0.493835, 4.500000),1,0.4191667,0.4388889,True
14:56:34.896,(0.199208, -0.500449, 4.500000),1,0.4191667,0.4388889,True
14:56:34.897,(0.199208, -0.500449, 4.500000),1,0.4191667,0.4388889,True
14:56:34.917,(0.133069, -0.513677, 4.500000),1,0.4063889,0.4388889,True
14:56:34.918,(0.133069, -0.513677, 4.500000),1,0.4063889,0.4388889,True
14:56:34.933,(0.000790, -0.513677, 4.500000),1,0.4063889,0.4388889,True
14:56:34.933,(0.000790, -0.513677, 4.500000),1,0.4063889,0.4388889,True
14:56:34.963,(-0.058733, -0.513677, 4.500000),1,0.4063889,0.4388889,True
14:56:34.963,(-0.058733, -0.513677, 4.500000),1,0.4063889,0.4388889,True
14:56:34.984,(-0.157942, -0.500449, 4.500000),1,0.4063889,0.4388889,True
14:56:34.984,(-0.157942, -0.500449, 4.500000),1,0.4063889,0.4388889,True
14:56:34.999,(-0.237309, -0.473994, 4.500000),1,0.4063889,0.4388889,True
14:56:34.999,(-0.237309, -0.473994, 4.500000),1,0.4063889,0.4388889,True
14:56:35.014,(-0.263764, -0.460766, 4.500000),1,0.4138889,0.4333333,True
14:56:35.014,(-0.263764, -0.460766, 4.500000),1,0.4138889,0.4333333,True
14:56:35.040,(-0.296834, -0.447538, 4.500000),1,0.4138889,0.4333333,True
14:56:35.040,(-0.296834, -0.447538, 4.500000),1,0.4138889,0.4333333,True
14:56:35.057,(-0.343131, -0.414469, 4.500000),1,0.4138889,0.4333333,True
14:56:35.057,(-0.343131, -0.414469, 4.500000),1,0.4138889,0.4333333,True
14:56:35.082,(-0.369586, -0.381400, 4.500000),1,0.4097222,0.4222222,True
14:56:35.083,(-0.369586, -0.381400, 4.500000),1,0.4097222,0.4222222,True
14:56:35.103,(-0.382814, -0.341716, 4.500000),1,0.4097222,0.4222222,True
14:56:35.103,(-0.382814, -0.341716, 4.500000),1,0.4097222,0.4222222,True
14:56:35.119,(-0.402654, -0.275578, 4.500000),1,0.4138889,0.4333333,True
14:56:35.120,(-0.402654, -0.275578, 4.500000),1,0.4138889,0.4333333,True
14:56:35.136,(-0.409269, -0.235895, 4.500000),1,0.4027778,0.4277778,True
14:56:35.136,(-0.409269, -0.235895, 4.500000),1,0.4027778,0.4277778,True
14:56:35.159,(-0.422496, -0.176370, 4.500000),1,0.4027778,0.4277778,True
14:56:35.159,(-0.422496, -0.176370, 4.500000),1,0.4027778,0.4277778,True
14:56:35.176,(-0.429111, -0.110231, 4.500000),1,0.4027778,0.4277778,True
14:56:35.176,(-0.429111, -0.110231, 4.500000),1,0.4027778,0.4277778,True
14:56:35.201,(-0.435724, -0.050706, 4.500000),1,0.4027778,0.4277778,True
14:56:35.202,(-0.435724, -0.050706, 4.500000),1,0.4027778,0.4277778,True
14:56:35.223,(-0.442338, 0.002205, 4.500000),1,0.3925,0.4277778,True
14:56:35.224,(-0.442338, 0.002205, 4.500000),1,0.3925,0.4277778,True
14:56:35.239,(-0.448953, 0.041888, 4.500000),1,0.3925,0.4277778,True
14:56:35.239,(-0.448953, 0.041888, 4.500000),1,0.3925,0.4277778,True
14:56:35.253,(-0.448953, 0.055116, 4.500000),1,0.3925,0.4277778,True
14:56:35.253,(-0.448953, 0.055116, 4.500000),1,0.3925,0.4277778,True
14:56:35.280,(-0.448953, 0.055116, 4.500000),1,0.3925,0.4277778,True
14:56:35.281,(-0.448953, 0.055116, 4.500000),1,0.3925,0.4277778,True
14:56:35.293,(-0.448953, 0.061729, 4.500000),1,0.3833333,0.4222222,True
14:56:35.295,(-0.448953, 0.061729, 4.500000),1,0.3833333,0.4222222,True
14:56:35.321,(-0.448953, 0.055116, 4.500000),1,0.3908333,0.4166667,True
14:56:35.322,(-0.448953, 0.055116, 4.500000),1,0.3908333,0.4166667,True
14:56:35.607,(-0.435724, 0.055116, 4.500000),0,0.4333333,0.4444444,True
14:56:35.607,(-0.435724, 0.055116, 4.500000),0,0.4333333,0.4444444,True
14:56:35.627,(0.404236, 0.220462, 4.500000),0,0.4333333,0.4444444,True
14:56:35.627,(0.404236, 0.220462, 4.500000),0,0.4333333,0.4444444,True
14:56:35.641,(0.397623, 0.213848, 4.500000),0,0.4333333,0.4444444,True
14:56:35.641,(0.397623, 0.213848, 4.500000),0,0.4333333,0.4444444,True
14:56:35.666,(0.364553, 0.213848, 4.500000),0,0.4333333,0.4444444,True
14:56:35.666,(0.364553, 0.213848, 4.500000),0,0.4333333,0.4444444,True
14:56:35.682,(0.324871, 0.213848, 4.500000),0,0.4333333,0.4444444,True
14:56:35.682,(0.324871, 0.213848, 4.500000),0,0.4333333,0.4444444,True
14:56:35.709,(0.265346, 0.200621, 4.500000),0,0.4333333,0.4444444,True
14:56:35.709,(0.265346, 0.200621, 4.500000),0,0.4333333,0.4444444,True
14:56:35.728,(0.199208, 0.174165, 4.500000),1,0.4108333,0.4444444,True
14:56:35.728,(0.199208, 0.174165, 4.500000),1,0.4108333,0.4444444,True
14:56:35.745,(0.119841, 0.154324, 4.500000),1,0.4108333,0.4444444,True
14:56:35.745,(0.119841, 0.154324, 4.500000),1,0.4108333,0.4444444,True
14:56:35.762,(0.093386, 0.147710, 4.500000),1,0.4108333,0.4444444,True
14:56:35.762,(0.093386, 0.147710, 4.500000),1,0.4108333,0.4444444,True
14:56:35.783,(0.073544, 0.147710, 4.500000),1,0.4108333,0.4444444,True
14:56:35.785,(0.073544, 0.147710, 4.500000),1,0.4108333,0.4444444,True
14:56:35.802,(0.066929, 0.147710, 4.500000),1,0.4108333,0.4444444,True
14:56:35.802,(0.066929, 0.147710, 4.500000),1,0.4108333,0.4444444,True
14:56:35.830,(0.066929, 0.154324, 4.500000),1,0.4138889,0.4333333,True
14:56:35.830,(0.066929, 0.154324, 4.500000),1,0.4138889,0.4333333,True
14:56:36.564,(0.080157, 0.160938, 4.500000),0,0,0.5,True
14:56:36.564,(0.080157, 0.160938, 4.500000),0,0,0.5,True
14:56:36.581,(0.080157, 0.160938, 4.500000),0,0,0.5,True
14:56:36.581,(0.080157, 0.160938, 4.500000),0,0,0.5,True
