13:49:51.024,(-2.671212, -0.473994, 4.500000),0,0,0.5,True
13:49:51.025,(-2.671212, -0.473994, 4.500000),0,0,0.5,True
13:49:51.051,(-2.512479, -0.315261, 4.500000),0,0,0.5,True
13:49:51.051,(-2.512479, -0.315261, 4.500000),0,0,0.5,True
13:49:51.062,(-2.525707, -0.308647, 4.500000),0,0,0.5,True
13:49:51.062,(-2.525707, -0.308647, 4.500000),0,0,0.5,True
13:49:51.082,(-2.538934, -0.302033, 4.500000),0,0,0.5,True
13:49:51.082,(-2.538934, -0.302033, 4.500000),0,0,0.5,True
13:49:51.101,(-2.538934, -0.302033, 4.500000),0,0,0.5,True
13:49:51.101,(-2.538934, -0.302033, 4.500000),0,0,0.5,True
13:49:51.114,(-2.538934, -0.288806, 4.500000),0.02221951,0,0.5,True
13:49:51.115,(-2.538934, -0.288806, 4.500000),0.02221951,0,0.5,True
13:49:51.126,(-2.538934, -0.288806, 4.500000),0.02575998,0,0.5,True
13:49:51.126,(-2.538934, -0.288806, 4.500000),0.02575998,0,0.5,True
13:49:51.141,(-2.538934, -0.288806, 4.500000),0.06885606,0.5,0.4944444,True
13:49:51.141,(-2.538934, -0.288806, 4.500000),0.06885606,0.5,0.4944444,True
13:49:51.161,(-2.519092, -0.288806, 4.500000),0.08362837,0.5,0.4888889,True
13:49:51.161,(-2.519092, -0.288806, 4.500000),0.08362837,0.5,0.4888889,True
13:49:51.186,(-2.492636, -0.288806, 4.500000),0.2528385,0.5,0.4833333,True
13:49:51.187,(-2.492636, -0.288806, 4.500000),0.2528385,0.5,0.4833333,True
13:49:51.207,(-2.466182, -0.295420, 4.500000),0.3436699,0.5,0.4777778,True
13:49:51.207,(-2.466182, -0.295420, 4.500000),0.3436699,0.5,0.4777778,True
13:49:51.222,(-2.426498, -0.295420, 4.500000),0.3721157,0.5,0.4722222,True
13:49:51.222,(-2.426498, -0.295420, 4.500000),0.3721157,0.5,0.4722222,True
13:49:51.234,(-2.400043, -0.295419, 4.500000),0.3732145,0.5,0.4722222,True
13:49:51.234,(-2.400043, -0.295419, 4.500000),0.3728482,0.5,0.4666667,True
13:49:51.249,(-2.380201, -0.295420, 4.500000),0.3728482,0.5,0.4666667,True
13:49:51.249,(-2.380201, -0.295420, 4.500000),0.3728482,0.5,0.4666667,True
13:49:51.262,(-2.353746, -0.288806, 4.500000),0.3723599,0.5,0.4611111,True
13:49:51.262,(-2.353746, -0.288806, 4.500000),0.3723599,0.5,0.4611111,True
13:49:51.280,(-2.327289, -0.288806, 4.500000),0.3723599,0.5,0.4611111,True
13:49:51.281,(-2.327289, -0.288806, 4.500000),0.3723599,0.5,0.4611111,True
13:49:51.299,(-2.307450, -0.288806, 4.500000),0.3779758,0.5,0.4555556,True
13:49:51.300,(-2.307450, -0.288806, 4.500000),0.3779758,0.5,0.4555556,True
13:49:51.314,(-2.274379, -0.288806, 4.500000),0.4042242,0.5,0.45,True
13:49:51.315,(-2.274379, -0.288806, 4.500000),0.4042242,0.5,0.45,True
13:49:51.325,(-2.261151, -0.288806, 4.500000),0.4105726,0.5,0.45,True
13:49:51.325,(-2.261151, -0.288806, 4.500000),0.4105726,0.5,0.45,True
13:49:51.343,(-2.261151, -0.288806, 4.500000),0.4131364,0.5,0.45,True
13:49:51.343,(-2.261151, -0.288806, 4.500000),0.4131364,0.5,0.45,True
13:49:51.360,(-2.261151, -0.288806, 4.500000),0.4142351,0.5,0.4444444,True
13:49:51.361,(-2.261151, -0.288806, 4.500000),0.4142351,0.5,0.4444444,True
13:49:51.382,(-2.261151, -0.288806, 4.500000),0.4182639,0.5,0.4444444,True
13:49:51.383,(-2.261151, -0.288806, 4.500000),0.4182639,0.5,0.4444444,True
13:49:51.402,(-2.261151, -0.288806, 4.500000),0.5991942,0.5,0.45,True
13:49:51.403,(-2.261151, -0.288806, 4.500000),0.5991942,0.5,0.45,True
13:49:51.419,(-2.267766, -0.302033, 4.500000),0.6321573,0.5,0.45,True
13:49:51.419,(-2.267766, -0.302033, 4.500000),0.6321573,0.5,0.45,True
13:49:51.432,(-2.287608, -0.315261, 4.500000),0.6321573,0.5,0.45,True
13:49:51.432,(-2.287608, -0.315261, 4.500000),0.6321573,0.5,0.45,True
13:49:51.452,(-2.300835, -0.328489, 4.500000),0.627518,0.5,0.4555556,True
13:49:51.452,(-2.300835, -0.328489, 4.500000),0.627518,0.5,0.4555556,True
13:49:51.466,(-2.340518, -0.354944, 4.500000),0.627518,0.5,0.4555556,True
13:49:51.466,(-2.340518, -0.354944, 4.500000),0.627518,0.5,0.4555556,True
13:49:51.494,(-2.366973, -0.374786, 4.500000),0.6277622,0.5,0.4555556,True
13:49:51.494,(-2.366973, -0.374786, 4.500000),0.6277622,0.5,0.4555556,True
13:49:51.515,(-2.406656, -0.407855, 4.500000),0.6330118,0.5,0.4611111,True
13:49:51.516,(-2.406656, -0.407855, 4.500000),0.6330118,0.5,0.4611111,True
13:49:51.532,(-2.466182, -0.460766, 4.500000),0.6330118,0.5,0.4611111,True
13:49:51.533,(-2.466182, -0.460766, 4.500000),0.6330118,0.5,0.4611111,True
13:49:51.544,(-2.505865, -0.500449, 4.500000),0.6629227,0.5,0.4666667,True
13:49:51.544,(-2.505865, -0.500449, 4.500000),0.6629227,0.5,0.4666667,True
13:49:51.560,(-2.532321, -0.526905, 4.500000),0.6708583,0.5,0.4722222,True
13:49:51.560,(-2.532321, -0.526905, 4.500000),0.6708583,0.5,0.4722222,True
13:49:51.574,(-2.552161, -0.553360, 4.500000),0.6745208,0.5,0.4777778,True
13:49:51.574,(-2.552161, -0.553360, 4.500000),0.6745208,0.5,0.4777778,True
13:49:51.596,(-2.572004, -0.586430, 4.500000),0.7061409,0.5,0.4777778,True
13:49:51.596,(-2.572004, -0.586430, 4.500000),0.7061409,0.5,0.4777778,True
13:49:51.619,(-2.591846, -0.632727, 4.500000),0.7380051,0.5,0.4777778,True
13:49:51.620,(-2.591846, -0.632727, 4.500000),0.7380051,0.5,0.4777778,True
13:49:51.635,(-2.605072, -0.698865, 4.500000),0.7380051,0.5,0.4777778,True
13:49:51.635,(-2.605072, -0.698865, 4.500000),0.7380051,0.5,0.4777778,True
13:49:51.646,(-2.605072, -0.738549, 4.500000),0.7380051,0.5,0.4777778,True
13:49:51.646,(-2.605072, -0.738549, 4.500000),0.7380051,0.5,0.4777778,True
13:49:51.663,(-2.598458, -0.751776, 4.500000),0.7380051,0.5,0.4777778,True
13:49:51.664,(-2.598458, -0.751776, 4.500000),0.7380051,0.5,0.4777778,True
13:49:51.679,(-2.578617, -0.791459, 4.500000),0.7380051,0.5,0.4777778,True
13:49:51.680,(-2.578617, -0.791459, 4.500000),0.7380051,0.5,0.4777778,True
13:49:51.701,(-2.558775, -0.817915, 4.500000),0.7380051,0.5,0.4777778,True
13:49:51.702,(-2.558775, -0.817915, 4.500000),0.7380051,0.5,0.4777778,True
13:49:51.725,(-2.519092, -0.844370, 4.500000),1,0.5,0.4944444,True
13:49:51.725,(-2.519092, -0.844370, 4.500000),1,0.5,0.4944444,True
13:49:51.739,(-2.459568, -0.870826, 4.500000),1,0,0.5,True
13:49:51.740,(-2.459568, -0.870826, 4.500000),1,0,0.5,True
13:49:51.751,(-2.426498, -0.870826, 4.500000),1,0,0.5,True
13:49:51.751,(-2.426498, -0.870826, 4.500000),1,0,0.5,True
13:49:51.764,(-2.393428, -0.864212, 4.500000),1,0,0.5,True
13:49:51.765,(-2.393428, -0.864212, 4.500000),1,0,0.5,True
13:49:51.778,(-2.353746, -0.850984, 4.500000),1,0,0.5,True
13:49:51.779,(-2.353746, -0.850984, 4.500000),1,0,0.5,True
13:49:51.800,(-2.307450, -0.831143, 4.500000),1,0,0.5,True
13:49:51.801,(-2.307450, -0.831143, 4.500000),1,0,0.5,True
13:49:51.822,(-2.247924, -0.784845, 4.500000),1,0,0.5,True
13:49:51.823,(-2.247924, -0.784845, 4.500000),1,0,0.5,True
13:49:52.158,(-2.181786, -0.725321, 4.500000),0,0,0.5,True
13:49:52.158,(-2.181786, -0.725321, 4.500000),0,0,0.5,True
13:49:52.175,(-2.433112, -0.116845, 4.500000),0,0,0.5,True
13:49:52.175,(-2.433112, -0.116845, 4.500000),0,0,0.5,True
13:49:52.198,(-2.426498, -0.110231, 4.500000),0,0,0.5,True
13:49:52.199,(-2.426498, -0.110231, 4.500000),0,0,0.5,True
13:49:52.212,(-2.419885, -0.103617, 4.500000),0,0,0.5,True
13:49:52.212,(-2.419885, -0.103617, 4.500000),0,0,0.5,True
13:49:52.237,(-2.426498, -0.110231, 4.500000),0,0,0.5,True
13:49:52.237,(-2.426498, -0.110231, 4.500000),0,0,0.5,True
13:49:52.256,(-2.433112, -0.143301, 4.500000),1,0,0.5,True
13:49:52.257,(-2.433112, -0.143301, 4.500000),1,0,0.5,True
13:49:53.493,(-2.433112, -0.156528, 4.500000),0,0.5,0.45,True
13:49:53.493,(-2.433112, -0.156528, 4.500000),0,0.5,0.45,True
13:49:53.509,(-2.433112, -0.156528, 4.500000),0,0.5,0.45,True
13:49:53.509,(-2.433112, -0.156528, 4.500000),0,0.5,0.45,True
13:49:53.526,(-2.433112, -0.156528, 4.500000),0,0.5,0.45,True
13:49:53.526,(-2.433112, -0.156528, 4.500000),0,0.5,0.45,True
13:49:53.545,(-2.433112, -0.156528, 4.500000),0,0.5,0.4722222,True
13:49:53.546,(-2.433112, -0.156528, 4.500000),0,0.5,0.4722222,True
13:49:53.562,(-2.433112, -0.156528, 4.500000),0,0.5,0.4833333,True
13:49:53.562,(-2.433112, -0.156528, 4.500000),0,0.5,0.4833333,True
