13:54:49.013,(-2.459568, -0.077162, 4.500000),0,0,0.5,True
13:54:49.014,(-2.459568, -0.077162, 4.500000),0,0,0.5,True
13:54:49.034,(-2.406657, -0.209439, 4.500000),0,0.5,0.4944444,True
13:54:49.034,(-2.406657, -0.209439, 4.500000),0,0.5,0.4944444,True
13:54:49.047,(-2.406657, -0.182984, 4.500000),0,0.5,0.4944444,True
13:54:49.047,(-2.406657, -0.182984, 4.500000),0,0.5,0.4944444,True
13:54:49.069,(-2.406657, -0.169756, 4.500000),0,0.5,0.4944444,True
13:54:49.069,(-2.406657, -0.169756, 4.500000),0,0.5,0.4944444,True
13:54:49.089,(-2.406657, -0.149914, 4.500000),0,0.5,0.4944444,True
13:54:49.089,(-2.406657, -0.149914, 4.500000),0,0.5,0.4944444,True
13:54:49.104,(-2.406657, -0.143300, 4.500000),0,0.5,0.4944444,True
13:54:49.105,(-2.406657, -0.143300, 4.500000),0,0.5,0.4944444,True
13:54:49.119,(-2.406657, -0.143300, 4.500000),0.08350629,0.5,0.4777778,True
13:54:49.120,(-2.406657, -0.143300, 4.500000),0.08350629,0.5,0.4777778,True
13:54:49.140,(-2.406657, -0.143300, 4.500000),0.08350629,0.5,0.4777778,True
13:54:49.140,(-2.406657, -0.143300, 4.500000),0.08350629,0.5,0.4666667,True
13:54:49.156,(-2.413270, -0.143301, 4.500000),0.239287,0.5,0.4666667,True
13:54:49.156,(-2.413270, -0.143301, 4.500000),0.239287,0.5,0.4666667,True
13:54:49.179,(-2.406657, -0.156528, 4.500000),0.239287,0.5,0.4666667,True
13:54:49.180,(-2.406657, -0.156528, 4.500000),0.239287,0.5,0.4666667,True
13:54:49.201,(-2.406657, -0.189597, 4.500000),0.40691,0.5,0.4444444,True
13:54:49.201,(-2.406657, -0.189597, 4.500000),0.40691,0.5,0.4444444,True
13:54:49.216,(-2.393428, -0.268964, 4.500000),0.3986082,0.5,0.4388889,True
13:54:49.217,(-2.393428, -0.268964, 4.500000),0.3986082,0.5,0.4388889,True
13:54:49.228,(-2.380201, -0.315261, 4.500000),0.40691,0.5,0.4388889,True
13:54:49.228,(-2.380201, -0.315261, 4.500000),0.40691,0.5,0.4388889,True
13:54:49.243,(-2.373588, -0.361558, 4.500000),0.40691,0.5,0.4388889,True
13:54:49.243,(-2.373588, -0.361558, 4.500000),0.40691,0.5,0.4388889,True
13:54:49.257,(-2.366973, -0.407855, 4.500000),0.4819924,0.5,0.4388889,True
13:54:49.258,(-2.366973, -0.407855, 4.500000),0.565865,0.5,0.4388889,True
13:54:49.282,(-2.360360, -0.447538, 4.500000),0.565865,0.5,0.4388889,True
13:54:49.282,(-2.360360, -0.447538, 4.500000),0.565865,0.5,0.4388889,True
13:54:49.303,(-2.353746, -0.500449, 4.500000),0.6426566,0.5,0.4333333,True
13:54:49.303,(-2.353746, -0.500449, 4.500000),0.6426566,0.5,0.4333333,True
13:54:49.317,(-2.340518, -0.579816, 4.500000),0.6426566,0.5,0.4333333,True
13:54:49.317,(-2.340518, -0.579816, 4.500000),0.6426566,0.5,0.4333333,True
13:54:49.329,(-2.340518, -0.626113, 4.500000),0.6426566,0.5,0.4333333,True
13:54:49.329,(-2.340518, -0.626113, 4.500000),0.6426566,0.5,0.4333333,True
13:54:49.345,(-2.340518, -0.659182, 4.500000),0.6426566,0.5,0.4333333,True
13:54:49.345,(-2.340518, -0.659182, 4.500000),0.6426566,0.5,0.4333333,True
13:54:49.357,(-2.340518, -0.698865, 4.500000),1,0.5,0.4388889,True
13:54:49.357,(-2.340518, -0.698865, 4.500000),1,0.5,0.4388889,True
13:54:49.381,(-2.340518, -0.731934, 4.500000),1,0.5,0.4388889,True
13:54:49.382,(-2.340518, -0.731934, 4.500000),1,0.5,0.4388889,True
13:54:49.402,(-2.353746, -0.771618, 4.500000),1,0.5,0.45,True
13:54:49.402,(-2.353746, -0.771618, 4.500000),1,0.5,0.45,True
13:54:49.419,(-2.380201, -0.804687, 4.500000),1,0.5,0.45,True
13:54:49.419,(-2.380201, -0.804687, 4.500000),1,0.5,0.45,True
13:54:49.429,(-2.400043, -0.817915, 4.500000),1,0.5,0.4611111,True
13:54:49.429,(-2.400043, -0.817915, 4.500000),1,0.5,0.4611111,True
13:54:49.444,(-2.426498, -0.831143, 4.500000),1,0.5,0.4611111,True
13:54:49.445,(-2.426498, -0.831143, 4.500000),1,0.5,0.4611111,True
13:54:49.462,(-2.459569, -0.844370, 4.500000),1,0.5,0.4666667,True
13:54:49.462,(-2.459569, -0.844370, 4.500000),1,0.5,0.4666667,True
13:54:49.481,(-2.499250, -0.844370, 4.500000),1,0.5,0.4777778,True
13:54:49.481,(-2.499250, -0.844370, 4.500000),1,0.5,0.4777778,True
13:54:49.502,(-2.525707, -0.844370, 4.500000),1,0.5,0.4833333,True
13:54:49.502,(-2.525707, -0.844370, 4.500000),1,0.5,0.4833333,True
13:54:49.520,(-2.578617, -0.817915, 4.500000),1,0.5,0.4833333,True
13:54:49.521,(-2.578617, -0.817915, 4.500000),1,0.5,0.4833333,True
13:54:49.533,(-2.611687, -0.791459, 4.500000),1,0.5,0.4888889,True
13:54:49.534,(-2.611687, -0.791459, 4.500000),1,0.5,0.4888889,True
13:54:49.550,(-2.624914, -0.758390, 4.500000),1,0.5,0.4888889,True
13:54:49.550,(-2.624914, -0.758390, 4.500000),1,0.5,0.4888889,True
13:54:49.564,(-2.638142, -0.725321, 4.500000),1,0.5,0.4888889,True
13:54:49.564,(-2.638142, -0.725321, 4.500000),1,0.5,0.4888889,True
13:54:49.590,(-2.644755, -0.679024, 4.500000),1,0,0.5,True
13:54:49.590,(-2.644755, -0.679024, 4.500000),1,0,0.5,True
13:54:49.613,(-2.644755, -0.632727, 4.500000),1,0,0.5,True
13:54:49.614,(-2.644755, -0.632727, 4.500000),1,0,0.5,True
13:54:49.627,(-2.631529, -0.586430, 4.500000),1,0,0.5,True
13:54:49.628,(-2.631529, -0.586430, 4.500000),1,0,0.5,True
13:54:50.629,(-2.624914, -0.559974, 4.500000),0,0,0.5,True
13:54:50.629,(-2.624914, -0.559974, 4.500000),0,0,0.5,True
13:54:50.645,(-2.624914, -0.559974, 4.500000),0,0,0.5,True
13:54:50.645,(-2.624914, -0.559974, 4.500000),0,0,0.5,True
13:54:50.659,(-2.624914, -0.559974, 4.500000),0,0,0.5,True
13:54:50.659,(-2.624914, -0.559974, 4.500000),0,0,0.5,True
13:54:50.673,(-2.624914, -0.559974, 4.500000),0,0,0.5,True
13:54:50.673,(-2.624914, -0.559974, 4.500000),0,0,0.5,True
