15:03:38.732,(0.410850, 0.544542, 4.500000),0,0,0.5,True
15:03:38.732,(0.410850, 0.544542, 4.500000),0,0,0.5,True
15:03:38.754,(0.357940, -0.116845, 4.500000),0,0.3975,0.4722222,True
15:03:38.754,(0.357940, -0.116845, 4.500000),0,0.3975,0.4722222,True
15:03:38.768,(0.318256, -0.083776, 4.500000),0,0.4063889,0.4777778,True
15:03:38.768,(0.318256, -0.083776, 4.500000),0,0.4063889,0.4777778,True
15:03:38.790,(0.291801, -0.057320, 4.500000),0,0.4261111,0.4833333,True
15:03:38.791,(0.291801, -0.057320, 4.500000),0,0.4261111,0.4833333,True
15:03:38.803,(0.258731, 0.015432, 4.500000),0,0.4261111,0.4833333,True
15:03:38.803,(0.258731, 0.015432, 4.500000),0,0.4261111,0.4833333,True
15:03:38.830,(0.245504, 0.068343, 4.500000),1,0.4683333,0.4666667,True
15:03:38.831,(0.245504, 0.068343, 4.500000),1,0.4683333,0.4666667,True
15:03:38.849,(0.238889, 0.141096, 4.500000),1,0.4261111,0.4611111,True
15:03:38.850,(0.238889, 0.141096, 4.500000),1,0.4261111,0.4611111,True
15:03:38.865,(0.252118, 0.240304, 4.500000),1,0.4355555,0.4555556,True
15:03:38.866,(0.252118, 0.240304, 4.500000),1,0.4355555,0.4555556,True
15:03:38.885,(0.265346, 0.279987, 4.500000),1,0.4172222,0.45,True
15:03:38.885,(0.265346, 0.279987, 4.500000),1,0.4172222,0.45,True
15:03:38.907,(0.291801, 0.326284, 4.500000),1,0.4172222,0.45,True
15:03:38.907,(0.291801, 0.326284, 4.500000),1,0.4172222,0.45,True
15:03:38.923,(0.331485, 0.346126, 4.500000),1,0.4191667,0.4388889,True
15:03:38.923,(0.331485, 0.346126, 4.500000),1,0.4191667,0.4388889,True
15:03:38.950,(0.391010, 0.346126, 4.500000),1,0.4097222,0.4222222,True
15:03:38.950,(0.391010, 0.346126, 4.500000),1,0.4097222,0.4222222,True
15:03:38.971,(0.476990, 0.319670, 4.500000),1,0.4158333,0.4222222,True
15:03:38.972,(0.476990, 0.319670, 4.500000),1,0.4158333,0.4222222,True
15:03:38.988,(0.622494, 0.253532, 4.500000),1,0.4172222,0.4055555,True
15:03:38.988,(0.622494, 0.253532, 4.500000),1,0.4172222,0.4055555,True
15:03:39.003,(0.715089, 0.180779, 4.500000),1,0.4172222,0.4055555,True
15:03:39.004,(0.715089, 0.180779, 4.500000),1,0.4172222,0.4055555,True
15:03:39.028,(0.774612, 0.121254, 4.500000),1,0.4183333,0.3944444,True
15:03:39.028,(0.774612, 0.121254, 4.500000),1,0.4183333,0.3944444,True
15:03:39.045,(0.860595, -0.004409, 4.500000),1,0.4183333,0.3944444,True
15:03:39.045,(0.860595, -0.004409, 4.500000),1,0.4183333,0.3944444,True
15:03:39.071,(0.887049, -0.063934, 4.500000),1,0.4261111,0.4,True
15:03:39.071,(0.887049, -0.063934, 4.500000),1,0.4261111,0.4,True
15:03:39.092,(0.906891, -0.176370, 4.500000),1,0.4261111,0.4,True
15:03:39.093,(0.906891, -0.176370, 4.500000),1,0.4261111,0.4,True
15:03:39.108,(0.880436, -0.282192, 4.500000),1,0.4219444,0.4055555,True
15:03:39.109,(0.880436, -0.282192, 4.500000),1,0.4219444,0.4055555,True
15:03:39.124,(0.840753, -0.328489, 4.500000),1,0.4219444,0.4055555,True
15:03:39.124,(0.840753, -0.328489, 4.500000),1,0.4219444,0.4055555,True
15:03:39.148,(0.794454, -0.374786, 4.500000),1,0.4219444,0.4055555,True
15:03:39.148,(0.794454, -0.374786, 4.500000),1,0.4219444,0.4055555,True
15:03:39.167,(0.655564, -0.434311, 4.500000),1,0.4219444,0.4055555,True
15:03:39.167,(0.655564, -0.434311, 4.500000),1,0.4219444,0.4055555,True
15:03:39.188,(0.543129, -0.454152, 4.500000),1,0.4219444,0.4055555,True
15:03:39.189,(0.543129, -0.454152, 4.500000),1,0.4219444,0.4055555,True
15:03:39.209,(0.476990, -0.447538, 4.500000),1,0.4522222,0.4222222,True
15:03:39.209,(0.476990, -0.447538, 4.500000),1,0.4522222,0.4222222,True
15:03:39.226,(0.357940, -0.407855, 4.500000),1,0.4486111,0.4277778,True
15:03:39.226,(0.357940, -0.407855, 4.500000),1,0.4486111,0.4277778,True
15:03:39.242,(0.298414, -0.361558, 4.500000),1,0.4486111,0.4277778,True
15:03:39.243,(0.298414, -0.361558, 4.500000),1,0.4486111,0.4277778,True
15:03:39.268,(0.265346, -0.321875, 4.500000),1,0.4575,0.4333333,True
15:03:39.268,(0.265346, -0.321875, 4.500000),1,0.4575,0.4333333,True
15:03:39.284,(0.238889, -0.235895, 4.500000),1,0.4444444,0.4333333,True
15:03:39.284,(0.238889, -0.235895, 4.500000),1,0.4444444,0.4333333,True
15:03:39.312,(0.238889, -0.196211, 4.500000),1,0.4444444,0.4333333,True
15:03:39.312,(0.238889, -0.196211, 4.500000),1,0.4444444,0.4333333,True
15:03:39.333,(0.265346, -0.130073, 4.500000),1,0.4575,0.4333333,True
15:03:39.333,(0.265346, -0.130073, 4.500000),1,0.4575,0.4333333,True
15:03:39.348,(0.311643, -0.097003, 4.500000),1,0.4575,0.4333333,True
15:03:39.349,(0.311643, -0.097003, 4.500000),1,0.4575,0.4333333,True
15:03:39.365,(0.344711, -0.090390, 4.500000),1,0.4444444,0.4333333,True
15:03:39.365,(0.344711, -0.090390, 4.500000),1,0.4444444,0.4333333,True
15:03:39.388,(0.404236, -0.097003, 4.500000),1,0.4319444,0.4277778,True
15:03:39.388,(0.404236, -0.097003, 4.500000),1,0.4319444,0.4277778,True
15:03:39.405,(0.450533, -0.116845, 4.500000),1,0.4319444,0.4277778,True
15:03:39.406,(0.450533, -0.116845, 4.500000),1,0.4319444,0.4277778,True
15:03:39.430,(0.483603, -0.156528, 4.500000),1,0.4319444,0.4277778,True
15:03:39.431,(0.483603, -0.156528, 4.500000),1,0.4319444,0.4277778,True
15:03:39.450,(0.490217, -0.196211, 4.500000),1,0.4319444,0.4277778,True
15:03:39.450,(0.490217, -0.196211, 4.500000),1,0.4319444,0.4277778,True
15:03:39.466,(0.476990, -0.249122, 4.500000),1,0.4311111,0.4166667,True
15:03:39.467,(0.476990, -0.249122, 4.500000),1,0.4311111,0.4166667,True
15:03:39.482,(0.443920, -0.308647, 4.500000),1,0.4261111,0.4111111,True
15:03:39.482,(0.443920, -0.308647, 4.500000),1,0.4261111,0.4111111,True
15:03:39.506,(0.410850, -0.341716, 4.500000),1,0.4261111,0.4111111,True
15:03:39.507,(0.410850, -0.341716, 4.500000),1,0.4261111,0.4111111,True
15:03:39.522,(0.305030, -0.407855, 4.500000),1,0.4172222,0.4055555,True
15:03:39.522,(0.305030, -0.407855, 4.500000),1,0.4172222,0.4055555,True
15:03:39.548,(0.232276, -0.434311, 4.500000),1,0.4261111,0.4111111,True
15:03:39.549,(0.232276, -0.434311, 4.500000),1,0.4261111,0.4111111,True
15:03:39.570,(0.080157, -0.473994, 4.500000),1,0.4261111,0.4111111,True
15:03:39.570,(0.080157, -0.473994, 4.500000),1,0.4261111,0.4111111,True
15:03:39.587,(-0.038891, -0.473994, 4.500000),1,0.4261111,0.4111111,True
15:03:39.587,(-0.038891, -0.473994, 4.500000),1,0.4261111,0.4111111,True
15:03:39.601,(-0.078575, -0.473994, 4.500000),1,0.4355555,0.4111111,True
15:03:39.602,(-0.078575, -0.473994, 4.500000),1,0.4355555,0.4111111,True
15:03:39.625,(-0.118258, -0.467380, 4.500000),1,0.4355555,0.4111111,True
15:03:39.626,(-0.118258, -0.467380, 4.500000),1,0.4355555,0.4111111,True
15:03:40.365,(-0.144713, -0.460766, 4.500000),0,0.4608333,0.4277778,True
15:03:40.366,(-0.144713, -0.460766, 4.500000),0,0.4608333,0.4277778,True
