14:07:22.244,(-2.393428, -0.182984, 4.500000),0,0,0.5,False
14:07:22.244,(-2.393428, -0.182984, 4.500000),0,0,0.5,False
14:07:22.268,(-2.287608, -0.540133, 4.500000),0,0,0.5,False
14:07:22.268,(-2.287608, -0.540133, 4.500000),0,0,0.5,False
14:07:22.281,(-2.287608, -0.540133, 4.500000),0,0,0.5,False
14:07:22.281,(-2.287608, -0.540133, 4.500000),0,0,0.5,False
14:07:22.300,(-2.294221, -0.540133, 4.500000),0,0,0.5,False
14:07:22.301,(-2.294221, -0.540133, 4.500000),0,0,0.5,False
14:07:22.322,(-2.300835, -0.533519, 4.500000),0,0,0.5,False
14:07:22.322,(-2.300835, -0.533519, 4.500000),0,0,0.5,False
14:07:22.337,(-2.300834, -0.526905, 4.500000),0.2424612,0,0.5,False
14:07:22.338,(-2.300834, -0.526905, 4.500000),0.2424612,0,0.5,False
14:07:22.349,(-2.287608, -0.513677, 4.500000),0.2424612,0,0.5,False
14:07:22.350,(-2.287608, -0.513677, 4.500000),0.2424612,0,0.5,False
14:07:22.366,(-2.280993, -0.493835, 4.500000),0.2424612,0,0.5,False
14:07:22.366,(-2.280993, -0.493835, 4.500000),0.2424612,0,0.5,False
14:07:22.382,(-2.267766, -0.454152, 4.500000),0.2424612,0,0.5,False
14:07:22.382,(-2.267766, -0.454152, 4.500000),0.2424612,0,0.5,False
14:07:22.401,(-2.247925, -0.421083, 4.500000),0.3977536,0,0.5,False
14:07:22.401,(-2.247925, -0.421083, 4.500000),0.3977536,0,0.5,False
14:07:22.421,(-2.234696, -0.381400, 4.500000),0.6118911,0,0.5,False
14:07:22.421,(-2.234696, -0.381400, 4.500000),0.6118911,0,0.5,False
14:07:22.437,(-2.195013, -0.315261, 4.500000),0.6327677,0,0.5,False
14:07:22.438,(-2.195013, -0.315261, 4.500000),0.6327677,0,0.5,False
14:07:22.451,(-2.168558, -0.275578, 4.500000),0.6993041,0,0.5,False
14:07:22.451,(-2.168558, -0.275578, 4.500000),0.6993041,0,0.5,False
14:07:22.467,(-2.128874, -0.235895, 4.500000),0.7654743,0,0.5,False
14:07:22.468,(-2.128874, -0.235895, 4.500000),0.7654743,0,0.5,False
14:07:22.478,(-2.109032, -0.222667, 4.500000),0.9177145,0,0.5,False
14:07:22.478,(-2.109032, -0.222667, 4.500000),0.9177145,0,0.5,False
14:07:22.502,(-2.089190, -0.202825, 4.500000),1,0,0.5,False
14:07:22.502,(-2.089190, -0.202825, 4.500000),1,0,0.5,False
14:07:22.524,(-2.062736, -0.182984, 4.500000),1,0.5,0.4944444,False
14:07:22.524,(-2.062736, -0.182984, 4.500000),1,0.5,0.4944444,False
14:07:22.539,(-2.036281, -0.182984, 4.500000),1,0.5,0.4888889,False
14:07:22.539,(-2.036281, -0.182984, 4.500000),1,0.5,0.4888889,False
14:07:22.553,(-2.016439, -0.182984, 4.500000),1,0.5,0.4888889,False
14:07:22.553,(-2.016439, -0.182984, 4.500000),1,0.5,0.4888889,False
14:07:22.567,(-2.003210, -0.196211, 4.500000),1,0.5,0.4888889,False
14:07:22.568,(-2.003210, -0.196211, 4.500000),1,0.5,0.4888889,False
14:07:22.579,(-1.983368, -0.209439, 4.500000),1,0.5,0.4888889,False
14:07:22.579,(-1.983368, -0.209439, 4.500000),1,0.5,0.4888889,False
14:07:22.599,(-1.970142, -0.235895, 4.500000),1,0.5,0.4777778,False
14:07:22.600,(-1.970142, -0.235895, 4.500000),1,0.5,0.4777778,False
14:07:22.621,(-1.956913, -0.255736, 4.500000),1,0.5,0.4777778,False
14:07:22.621,(-1.956913, -0.255736, 4.500000),1,0.5,0.4777778,False
14:07:22.635,(-1.937072, -0.302033, 4.500000),1,0.5,0.4777778,False
14:07:22.636,(-1.937072, -0.302033, 4.500000),1,0.5,0.4777778,False
14:07:22.647,(-1.930458, -0.321875, 4.500000),1,0.5,0.4777778,False
14:07:22.647,(-1.930458, -0.321875, 4.500000),1,0.5,0.4777778,False
14:07:22.663,(-1.923845, -0.341716, 4.500000),1,0.5,0.4666667,False
14:07:22.664,(-1.923845, -0.341716, 4.500000),1,0.5,0.4666667,False
14:07:22.678,(-1.923845, -0.368172, 4.500000),1,0.5,0.4666667,False
14:07:22.678,(-1.923845, -0.368172, 4.500000),1,0.5,0.4666667,False
14:07:22.698,(-1.930459, -0.388014, 4.500000),1,0.5,0.4611111,False
14:07:22.699,(-1.930459, -0.388014, 4.500000),1,0.5,0.4611111,False
14:07:22.718,(-1.937072, -0.407855, 4.500000),1,0.5,0.4611111,False
14:07:22.718,(-1.937072, -0.407855, 4.500000),1,0.5,0.4611111,False
14:07:22.733,(-1.976755, -0.434311, 4.500000),1,0.5,0.4611111,False
14:07:22.734,(-1.976755, -0.434311, 4.500000),1,0.5,0.4611111,False
14:07:22.746,(-2.009826, -0.440924, 4.500000),1,0.5,0.4611111,False
14:07:22.746,(-2.009826, -0.440924, 4.500000),1,0.5,0.4611111,False
14:07:22.763,(-2.049507, -0.447538, 4.500000),1,0.5,0.4666667,False
14:07:22.763,(-2.049507, -0.447538, 4.500000),1,0.5,0.4666667,False
14:07:22.777,(-2.089190, -0.454152, 4.500000),1,0.5,0.4666667,False
14:07:22.777,(-2.089190, -0.454152, 4.500000),1,0.5,0.4666667,False
14:07:22.804,(-2.161945, -0.460766, 4.500000),1,0.5,0.4666667,False
14:07:22.804,(-2.161945, -0.460766, 4.500000),1,0.5,0.4666667,False
14:07:22.826,(-2.234696, -0.473994, 4.500000),1,0.5,0.4666667,False
14:07:22.826,(-2.234696, -0.473994, 4.500000),1,0.5,0.4666667,False
14:07:22.843,(-2.333905, -0.487221, 4.500000),1,0.5,0.4666667,False
14:07:22.843,(-2.333905, -0.487221, 4.500000),1,0.5,0.4666667,False
14:07:22.858,(-2.400043, -0.500449, 4.500000),1,0.5,0.4666667,False
14:07:22.858,(-2.400043, -0.500449, 4.500000),1,0.5,0.4666667,False
14:07:22.874,(-2.439727, -0.507063, 4.500000),1,0.5,0.4777778,False
14:07:22.874,(-2.439727, -0.507063, 4.500000),1,0.5,0.4777778,False
14:07:22.886,(-2.472795, -0.513677, 4.500000),1,0.5,0.4833333,False
14:07:22.886,(-2.472795, -0.513677, 4.500000),1,0.5,0.4833333,False
14:07:22.907,(-2.499250, -0.513677, 4.500000),1,0.5,0.4833333,False
14:07:22.907,(-2.499250, -0.513677, 4.500000),1,0.5,0.4833333,False
14:07:22.926,(-2.538934, -0.513677, 4.500000),1,0.5,0.4888889,False
14:07:22.927,(-2.538934, -0.513677, 4.500000),1,0.5,0.4888889,False
14:07:22.942,(-2.558775, -0.520291, 4.500000),1,0.5,0.4888889,False
14:07:22.942,(-2.558775, -0.520291, 4.500000),1,0.5,0.4888889,False
14:07:22.954,(-2.565389, -0.520291, 4.500000),1,0.5,0.4888889,False
14:07:22.954,(-2.565389, -0.520291, 4.500000),1,0.5,0.4888889,False
14:07:22.970,(-2.572003, -0.520291, 4.500000),1,0.5,0.4888889,False
14:07:22.970,(-2.572003, -0.520291, 4.500000),1,0.5,0.4888889,False
14:07:23.252,(-2.565389, -0.513677, 4.500000),0,0,0.5,False
14:07:23.252,(-2.565389, -0.513677, 4.500000),0,0,0.5,False
14:07:23.273,(-2.360360, 0.074957, 4.500000),0,0,0.5,False
14:07:23.273,(-2.360360, 0.074957, 4.500000),0,0,0.5,False
14:07:23.293,(-2.353746, 0.094799, 4.500000),0,0,0.5,False
14:07:23.293,(-2.353746, 0.094799, 4.500000),0,0,0.5,False
14:07:23.309,(-2.347131, 0.094799, 4.500000),0,0,0.5,False
14:07:23.309,(-2.347131, 0.094799, 4.500000),0,0,0.5,False
14:07:23.321,(-2.347131, 0.088185, 4.500000),0,0,0.5,False
14:07:23.322,(-2.347131, 0.088185, 4.500000),0,0,0.5,False
14:07:23.337,(-2.353746, 0.074957, 4.500000),0,0,0.5,False
14:07:23.337,(-2.353746, 0.074957, 4.500000),0,0,0.5,False
14:07:23.352,(-2.353746, 0.055116, 4.500000),0.130387,0.5,0.4888889,False
14:07:23.353,(-2.353746, 0.055116, 4.500000),0.130387,0.5,0.4888889,False
14:07:23.376,(-2.353746, 0.035274, 4.500000),0.1255036,0.5,0.4833333,False
14:07:23.377,(-2.353746, 0.035274, 4.500000),0.1255036,0.5,0.4833333,False
14:07:23.397,(-2.353746, -0.030865, 4.500000),0.124649,0.5,0.4777778,False
14:07:23.398,(-2.353746, -0.030865, 4.500000),0.124649,0.5,0.4777778,False
14:07:23.413,(-2.340518, -0.090390, 4.500000),0.1308753,0.5,0.4666667,False
14:07:23.414,(-2.340518, -0.090390, 4.500000),0.1308753,0.5,0.4666667,False
14:07:23.426,(-2.327290, -0.156528, 4.500000),0.1317299,0.5,0.4666667,False
14:07:23.426,(-2.327290, -0.156528, 4.500000),0.1317299,0.5,0.4666667,False
14:07:23.445,(-2.327290, -0.182984, 4.500000),0.1422293,0.5,0.4611111,False
14:07:23.445,(-2.327290, -0.182984, 4.500000),0.1422293,0.5,0.4611111,False
14:07:23.459,(-2.314063, -0.249122, 4.500000),0.1422293,0.5,0.4611111,False
14:07:23.460,(-2.314063, -0.249122, 4.500000),0.1422293,0.5,0.4611111,False
14:07:23.484,(-2.300835, -0.308647, 4.500000),0.2910511,0.5,0.45,False
14:07:23.484,(-2.300835, -0.308647, 4.500000),0.2910511,0.5,0.45,False
14:07:23.503,(-2.287608, -0.361558, 4.500000),0.3181541,0.5,0.4444444,False
14:07:23.503,(-2.287608, -0.361558, 4.500000),0.3181541,0.5,0.4444444,False
14:07:23.517,(-2.280993, -0.401241, 4.500000),0.3812721,0.5,0.4444444,False
14:07:23.517,(-2.280993, -0.401241, 4.500000),0.3812721,0.5,0.4444444,False
14:07:23.531,(-2.274379, -0.421083, 4.500000),0.3945794,0.5,0.4444444,False
14:07:23.531,(-2.274379, -0.421083, 4.500000),0.3945794,0.5,0.4444444,False
14:07:24.316,(-2.274379, -0.434311, 4.500000),0,0.5,0.4888889,True
14:07:24.316,(-2.274379, -0.434311, 4.500000),0,0.5,0.4888889,True
14:07:24.334,(-2.274379, -0.434311, 4.500000),0,0.5,0.4944444,True
14:07:24.335,(-2.274379, -0.434311, 4.500000),0,0.5,0.4944444,True
14:07:24.346,(-2.274379, -0.434311, 4.500000),0,0.5,0.4944444,True
14:07:24.347,(-2.274379, -0.434311, 4.500000),0,0.5,0.4944444,True
14:07:24.364,(-2.274379, -0.434311, 4.500000),0,0,0.5,True
14:07:24.364,(-2.274379, -0.434311, 4.500000),0,0,0.5,True
