14:03:32.666,(-2.175171, -0.169756, 4.500000),0,0,0.5,False
14:03:32.667,(-2.175171, -0.169756, 4.500000),0,0,0.5,False
14:03:32.690,(-2.201626, -0.487221, 4.500000),0,0,0.5,False
14:03:32.690,(-2.201626, -0.487221, 4.500000),0,0,0.5,False
14:03:32.711,(-2.208241, -0.480608, 4.500000),0,0,0.5,False
14:03:32.711,(-2.208241, -0.480608, 4.500000),0,0,0.5,False
14:03:32.726,(-2.208241, -0.473994, 4.500000),0,0,0.5,False
14:03:32.726,(-2.208241, -0.473994, 4.500000),0,0,0.5,False
14:03:32.737,(-2.214854, -0.473994, 4.500000),0,0,0.5,False
14:03:32.737,(-2.214854, -0.473994, 4.500000),0,0,0.5,False
14:03:32.752,(-2.214854, -0.473994, 4.500000),0,0,0.5,False
14:03:32.752,(-2.214854, -0.473994, 4.500000),0,0,0.5,False
14:03:32.765,(-2.214854, -0.473994, 4.500000),0.1305091,0,0.5,False
14:03:32.765,(-2.214854, -0.473994, 4.500000),0.1305091,0,0.5,False
14:03:32.788,(-2.214854, -0.467380, 4.500000),0.1305091,0,0.5,False
14:03:32.789,(-2.214854, -0.467380, 4.500000),0.1729947,0.5,0.4944444,False
14:03:32.812,(-2.208241, -0.447538, 4.500000),0.1729947,0.5,0.4944444,False
14:03:32.812,(-2.208241, -0.447538, 4.500000),0.1729947,0.5,0.4944444,False
14:03:32.827,(-2.175171, -0.401241, 4.500000),0.1729947,0.5,0.4944444,False
14:03:32.827,(-2.175171, -0.401241, 4.500000),0.1729947,0.5,0.4944444,False
14:03:32.839,(-2.155329, -0.374786, 4.500000),0.1729947,0.5,0.4944444,False
14:03:32.840,(-2.155329, -0.374786, 4.500000),0.1729947,0.5,0.4944444,False
14:03:32.855,(-2.135487, -0.341716, 4.500000),0.4970089,0.5,0.4888889,False
14:03:32.855,(-2.135487, -0.341716, 4.500000),0.4970089,0.5,0.4888889,False
14:03:32.867,(-2.115647, -0.308647, 4.500000),0.6320351,0.5,0.4833333,False
14:03:32.868,(-2.115647, -0.308647, 4.500000),0.6320351,0.5,0.4833333,False
14:03:32.887,(-2.089190, -0.275578, 4.500000),0.6320351,0.5,0.4833333,False
14:03:32.888,(-2.089190, -0.275578, 4.500000),0.6320351,0.5,0.4833333,False
14:03:32.908,(-2.042894, -0.235895, 4.500000),1,0.5,0.4722222,False
14:03:32.908,(-2.042894, -0.235895, 4.500000),1,0.5,0.4722222,False
14:03:32.925,(-1.989983, -0.209439, 4.500000),1,0.5,0.4722222,False
14:03:32.925,(-1.989983, -0.209439, 4.500000),1,0.5,0.4722222,False
14:03:32.938,(-1.943687, -0.196211, 4.500000),1,0.5,0.4666667,False
14:03:32.938,(-1.943687, -0.196211, 4.500000),1,0.5,0.4666667,False
14:03:32.954,(-1.917230, -0.189597, 4.500000),1,0.5,0.4611111,False
14:03:32.954,(-1.917230, -0.189597, 4.500000),1,0.5,0.4611111,False
14:03:32.971,(-1.890775, -0.182984, 4.500000),1,0.5,0.4611111,False
14:03:32.972,(-1.890775, -0.182984, 4.500000),1,0.5,0.4611111,False
14:03:32.991,(-1.851091, -0.189597, 4.500000),1,0.5,0.4611111,False
14:03:32.991,(-1.851091, -0.189597, 4.500000),1,0.5,0.4611111,False
14:03:33.010,(-1.837863, -0.202825, 4.500000),1,0.5,0.4555556,False
14:03:33.011,(-1.837863, -0.202825, 4.500000),1,0.5,0.4555556,False
14:03:33.025,(-1.818023, -0.235895, 4.500000),1,0.5,0.45,False
14:03:33.025,(-1.818023, -0.235895, 4.500000),1,0.5,0.45,False
14:03:33.039,(-1.811408, -0.249122, 4.500000),1,0.5,0.45,False
14:03:33.039,(-1.811408, -0.249122, 4.500000),1,0.5,0.45,False
14:03:33.053,(-1.811408, -0.275578, 4.500000),1,0.5,0.4444444,False
14:03:33.053,(-1.811408, -0.275578, 4.500000),1,0.5,0.4444444,False
14:03:33.068,(-1.818023, -0.295420, 4.500000),1,0.5,0.4444444,False
14:03:33.068,(-1.818023, -0.295420, 4.500000),1,0.5,0.4444444,False
14:03:33.090,(-1.824637, -0.321875, 4.500000),1,0.5,0.4388889,False
14:03:33.091,(-1.824637, -0.321875, 4.500000),1,0.5,0.4388889,False
14:03:33.114,(-1.837863, -0.341716, 4.500000),1,0.5,0.4388889,False
14:03:33.114,(-1.837863, -0.341716, 4.500000),1,0.5,0.4388889,False
14:03:33.128,(-1.851092, -0.368172, 4.500000),1,0.5,0.4388889,False
14:03:33.130,(-1.851092, -0.368172, 4.500000),1,0.5,0.4388889,False
14:03:33.143,(-1.877547, -0.394627, 4.500000),1,0.5,0.4388889,False
14:03:33.143,(-1.877547, -0.394627, 4.500000),1,0.5,0.4388889,False
14:03:33.163,(-1.904004, -0.407855, 4.500000),1,0.5,0.4388889,False
14:03:33.163,(-1.904004, -0.407855, 4.500000),1,0.5,0.4388889,False
14:03:33.179,(-1.943687, -0.414469, 4.500000),1,0.5,0.4388889,False
14:03:33.179,(-1.943687, -0.414469, 4.500000),1,0.5,0.4388889,False
14:03:33.203,(-1.970142, -0.421083, 4.500000),1,0.5,0.4388889,False
14:03:33.203,(-1.970142, -0.421083, 4.500000),1,0.5,0.4388889,False
14:03:33.224,(-2.029665, -0.421083, 4.500000),1,0.5,0.4388889,False
14:03:33.224,(-2.029665, -0.421083, 4.500000),1,0.5,0.4388889,False
14:03:33.239,(-2.122261, -0.427697, 4.500000),1,0.5,0.4444444,False
14:03:33.239,(-2.122261, -0.427697, 4.500000),1,0.5,0.4444444,False
14:03:33.252,(-2.168558, -0.434311, 4.500000),1,0.5,0.4444444,False
14:03:33.252,(-2.168558, -0.434311, 4.500000),1,0.5,0.4444444,False
14:03:33.266,(-2.228083, -0.434311, 4.500000),1,0.5,0.4444444,False
14:03:33.266,(-2.228083, -0.434311, 4.500000),1,0.5,0.4444444,False
14:03:33.282,(-2.267766, -0.440924, 4.500000),1,0.5,0.4444444,False
14:03:33.282,(-2.267766, -0.440924, 4.500000),1,0.5,0.4444444,False
14:03:33.306,(-2.307450, -0.447538, 4.500000),1,0.5,0.45,False
14:03:33.306,(-2.307450, -0.447538, 4.500000),1,0.5,0.45,False
14:03:33.325,(-2.360360, -0.447538, 4.500000),1,0.5,0.4555556,False
14:03:33.326,(-2.360360, -0.447538, 4.500000),1,0.5,0.4555556,False
14:03:33.339,(-2.406657, -0.447538, 4.500000),1,0.5,0.4555556,False
14:03:33.340,(-2.406657, -0.447538, 4.500000),1,0.5,0.4555556,False
14:03:33.352,(-2.446340, -0.447538, 4.500000),1,0.5,0.4555556,False
14:03:33.352,(-2.446340, -0.447538, 4.500000),1,0.5,0.4555556,False
14:03:33.368,(-2.459569, -0.447538, 4.500000),1,0.5,0.4611111,False
14:03:33.369,(-2.459569, -0.447538, 4.500000),1,0.5,0.4611111,False
14:03:33.381,(-2.486023, -0.447538, 4.500000),1,0.5,0.4611111,False
14:03:33.382,(-2.486023, -0.447538, 4.500000),1,0.5,0.4611111,False
14:03:33.403,(-2.499250, -0.454152, 4.500000),1,0.5,0.4611111,False
14:03:33.404,(-2.499250, -0.454152, 4.500000),1,0.5,0.4611111,False
14:03:33.424,(-2.512479, -0.460766, 4.500000),1,0.5,0.4611111,False
14:03:33.424,(-2.512479, -0.460766, 4.500000),1,0.5,0.4611111,False
14:03:33.731,(-2.512479, -0.460766, 4.500000),0,0,0.5,False
14:03:33.731,(-2.512479, -0.460766, 4.500000),0,0,0.5,False
14:03:33.753,(-2.181786, 0.134482, 4.500000),0,0,0.5,False
14:03:33.753,(-2.181786, 0.134482, 4.500000),0,0,0.5,False
14:03:33.772,(-2.181786, 0.147710, 4.500000),0,0,0.5,False
14:03:33.772,(-2.181786, 0.147710, 4.500000),0,0,0.5,False
14:03:33.786,(-2.181786, 0.154324, 4.500000),0,0,0.5,False
14:03:33.786,(-2.181786, 0.154324, 4.500000),0,0,0.5,False
14:03:33.811,(-2.195013, 0.147710, 4.500000),0,0.5,0.4944444,False
14:03:33.811,(-2.195013, 0.147710, 4.500000),0,0.5,0.4944444,False
14:03:33.832,(-2.195012, 0.127868, 4.500000),0,0.5,0.4833333,False
14:03:33.832,(-2.195012, 0.127868, 4.500000),0,0.5,0.4833333,False
14:03:33.846,(-2.195012, 0.094799, 4.500000),0.2740813,0.5,0.4777778,False
14:03:33.846,(-2.195012, 0.094799, 4.500000),0.2740813,0.5,0.4777778,False
14:03:33.857,(-2.188399, 0.068343, 4.500000),0.273593,0.5,0.4722222,False
14:03:33.857,(-2.188399, 0.068343, 4.500000),0.273593,0.5,0.4722222,False
14:03:33.871,(-2.181786, 0.028660, 4.500000),0.2689537,0.5,0.4611111,False
14:03:33.872,(-2.181786, 0.028660, 4.500000),0.2689537,0.5,0.4611111,False
14:03:33.886,(-2.175171, -0.011023, 4.500000),0.2720059,0.5,0.45,False
14:03:33.886,(-2.175171, -0.011023, 4.500000),0.2720059,0.5,0.45,False
14:03:33.915,(-2.168557, -0.050706, 4.500000),0.2870224,0.5,0.4333333,False
14:03:33.915,(-2.168557, -0.050706, 4.500000),0.2870224,0.5,0.4333333,False
14:03:33.935,(-2.168558, -0.149914, 4.500000),0.3761446,0.5,0.4277778,False
14:03:33.935,(-2.168558, -0.149914, 4.500000),0.3761446,0.5,0.4277778,False
14:03:33.950,(-2.161944, -0.235895, 4.500000),0.3761446,0.5,0.4277778,False
14:03:33.950,(-2.161944, -0.235895, 4.500000),0.3761446,0.5,0.4277778,False
14:03:33.963,(-2.155329, -0.302033, 4.500000),0.3761446,0.5,0.4277778,False
14:03:33.963,(-2.155329, -0.302033, 4.500000),0.3761446,0.5,0.4277778,False
14:03:33.981,(-2.155329, -0.335103, 4.500000),0.5004273,0.5,0.4111111,False
14:03:33.982,(-2.155329, -0.335103, 4.500000),0.5004273,0.5,0.4111111,False
14:03:33.997,(-2.155329, -0.361558, 4.500000),0.5329019,0.5,0.4111111,False
14:03:33.997,(-2.155329, -0.361558, 4.500000),0.5329019,0.5,0.4111111,False
14:03:34.022,(-2.155329, -0.388014, 4.500000),0.5398608,0.5,0.4111111,False
14:03:34.023,(-2.155329, -0.388014, 4.500000),0.5398608,0.5,0.4111111,False
14:03:34.834,(-2.155329, -0.401241, 4.500000),0,0.75,0.4833333,False
14:03:34.835,(-2.155329, -0.401241, 4.500000),0,0.75,0.4833333,False
14:03:34.849,(-2.155329, -0.401241, 4.500000),0,0.75,0.4833333,False
14:03:34.849,(-2.155329, -0.401241, 4.500000),0,0.75,0.4833333,False
14:03:34.864,(-2.155329, -0.401241, 4.500000),0,0.75,0.4888889,False
14:03:34.864,(-2.155329, -0.401241, 4.500000),0,0.75,0.4888889,False
14:03:34.880,(-2.155329, -0.401241, 4.500000),0,0.75,0.4888889,False
14:03:34.880,(-2.155329, -0.401241, 4.500000),0,0.75,0.4888889,False
