13:56:11.538,(-2.558775, -0.103617, 4.500000),0,0,0.5,False
13:56:11.538,(-2.558775, -0.103617, 4.500000),0,0,0.5,False
13:56:11.564,(-2.664597, -0.526905, 4.500000),0,0,0.5,False
13:56:11.564,(-2.664597, -0.526905, 4.500000),0,0,0.5,False
13:56:11.575,(-2.671212, -0.520291, 4.500000),0,0,0.5,False
13:56:11.576,(-2.671212, -0.520291, 4.500000),0,0,0.5,False
13:56:11.593,(-2.671212, -0.500449, 4.500000),0,0,0.5,False
13:56:11.594,(-2.671212, -0.500449, 4.500000),0,0,0.5,False
13:56:11.604,(-2.677825, -0.480608, 4.500000),0,0,0.5,False
13:56:11.604,(-2.677825, -0.480608, 4.500000),0,0,0.5,False
13:56:11.630,(-2.684439, -0.460766, 4.500000),0,0,0.5,False
13:56:11.630,(-2.684439, -0.460766, 4.500000),0,0,0.5,False
13:56:11.649,(-2.671212, -0.434311, 4.500000),0.9859602,0,0.5,False
13:56:11.649,(-2.671212, -0.434311, 4.500000),0.9859602,0,0.5,False
13:56:11.667,(-2.657984, -0.401241, 4.500000),1,0,0.5,False
13:56:11.667,(-2.657984, -0.401241, 4.500000),1,0,0.5,False
13:56:11.678,(-2.631529, -0.368172, 4.500000),1,0,0.5,False
13:56:11.679,(-2.631529, -0.368172, 4.500000),1,0,0.5,False
13:56:11.694,(-2.611687, -0.341716, 4.500000),1,0,0.5,False
13:56:11.694,(-2.611687, -0.341716, 4.500000),1,0,0.5,False
13:56:11.708,(-2.591846, -0.315261, 4.500000),1,0,0.5,False
13:56:11.709,(-2.591846, -0.315261, 4.500000),1,0,0.5,False
13:56:11.731,(-2.565389, -0.295420, 4.500000),1,0,0.5,False
13:56:11.731,(-2.565389, -0.295420, 4.500000),1,0,0.5,False
13:56:11.754,(-2.519092, -0.275578, 4.500000),1,0,0.5,False
13:56:11.754,(-2.519092, -0.275578, 4.500000),1,0,0.5,False
13:56:11.768,(-2.459569, -0.249122, 4.500000),1,0,0.5,False
13:56:11.768,(-2.459569, -0.249122, 4.500000),1,0,0.5,False
13:56:11.780,(-2.419885, -0.235895, 4.500000),1,0,0.5,False
13:56:11.780,(-2.419885, -0.235895, 4.500000),1,0,0.5,False
13:56:11.795,(-2.406657, -0.229281, 4.500000),1,0,0.5,False
13:56:11.795,(-2.406657, -0.229281, 4.500000),1,0,0.5,False
13:56:11.806,(-2.386815, -0.229281, 4.500000),1,0,0.5,False
13:56:11.806,(-2.386815, -0.229281, 4.500000),1,0,0.5,False
13:56:11.825,(-2.366973, -0.229281, 4.500000),1,0,0.5,False
13:56:11.826,(-2.366973, -0.229281, 4.500000),1,0,0.5,False
13:56:11.846,(-2.347131, -0.235895, 4.500000),1,0,0.5,False
13:56:11.847,(-2.347131, -0.235895, 4.500000),1,0,0.5,False
13:56:11.863,(-2.314063, -0.268964, 4.500000),1,0.5,0.4944444,False
13:56:11.863,(-2.314063, -0.268964, 4.500000),1,0.5,0.4944444,False
13:56:11.877,(-2.287608, -0.302033, 4.500000),1,0.5,0.4944444,False
13:56:11.877,(-2.287608, -0.302033, 4.500000),1,0.5,0.4944444,False
13:56:11.895,(-2.280993, -0.315261, 4.500000),1,0.5,0.4944444,False
13:56:11.896,(-2.280993, -0.315261, 4.500000),1,0.5,0.4944444,False
13:56:11.906,(-2.280993, -0.348330, 4.500000),1,0.5,0.4944444,False
13:56:11.907,(-2.280993, -0.348330, 4.500000),1,0.5,0.4944444,False
13:56:11.930,(-2.280993, -0.354944, 4.500000),1,0.5,0.4944444,False
13:56:11.931,(-2.280993, -0.354944, 4.500000),1,0.5,0.4944444,False
13:56:11.952,(-2.287608, -0.381400, 4.500000),1,0.5,0.4888889,False
13:56:11.952,(-2.287608, -0.381400, 4.500000),1,0.5,0.4888889,False
13:56:11.966,(-2.314063, -0.414469, 4.500000),1,0.5,0.4888889,False
13:56:11.966,(-2.314063, -0.414469, 4.500000),1,0.5,0.4888889,False
13:56:11.979,(-2.340518, -0.434311, 4.500000),1,0.5,0.4888889,False
13:56:11.979,(-2.340518, -0.434311, 4.500000),1,0.5,0.4888889,False
13:56:11.993,(-2.353746, -0.440924, 4.500000),1,0.5,0.4888889,False
13:56:11.993,(-2.353746, -0.440924, 4.500000),1,0.5,0.4888889,False
13:56:12.005,(-2.380201, -0.447538, 4.500000),1,0.5,0.4888889,False
13:56:12.005,(-2.380201, -0.447538, 4.500000),1,0.5,0.4888889,False
13:56:12.026,(-2.413270, -0.460766, 4.500000),1,0.5,0.4888889,False
13:56:12.026,(-2.413270, -0.460766, 4.500000),1,0.5,0.4888889,False
13:56:12.045,(-2.466182, -0.473994, 4.500000),1,0.5,0.4944444,False
13:56:12.045,(-2.466182, -0.473994, 4.500000),1,0.5,0.4944444,False
13:56:12.058,(-2.525707, -0.487221, 4.500000),1,0.5,0.4944444,False
13:56:12.059,(-2.525707, -0.487221, 4.500000),1,0.5,0.4944444,False
13:56:12.071,(-2.572003, -0.487221, 4.500000),1,0.5,0.4944444,False
13:56:12.071,(-2.572003, -0.487221, 4.500000),1,0.5,0.4944444,False
13:56:12.092,(-2.618300, -0.500449, 4.500000),1,0.5,0.4944444,False
13:56:12.092,(-2.618300, -0.500449, 4.500000),1,0.5,0.4944444,False
13:56:12.108,(-2.691052, -0.500449, 4.500000),1,0.5,0.4944444,False
13:56:12.108,(-2.691052, -0.500449, 4.500000),1,0.5,0.4944444,False
13:56:12.132,(-2.763806, -0.507063, 4.500000),1,0,0.5,False
13:56:12.133,(-2.763806, -0.507063, 4.500000),1,0,0.5,False
13:56:12.152,(-2.829945, -0.513677, 4.500000),1,0,0.5,False
13:56:12.153,(-2.829945, -0.513677, 4.500000),1,0,0.5,False
13:56:12.166,(-2.896083, -0.513677, 4.500000),1,0,0.5,False
13:56:12.167,(-2.896083, -0.513677, 4.500000),1,0,0.5,False
13:56:12.179,(-2.922538, -0.513677, 4.500000),1,0,0.5,False
13:56:12.179,(-2.922538, -0.513677, 4.500000),1,0,0.5,False
13:56:12.196,(-2.942380, -0.513677, 4.500000),1,0,0.5,False
13:56:12.196,(-2.942380, -0.513677, 4.500000),1,0,0.5,False
13:56:12.208,(-2.955608, -0.507063, 4.500000),1,0,0.5,False
13:56:12.208,(-2.955608, -0.507063, 4.500000),1,0,0.5,False
13:56:12.231,(-2.962221, -0.500449, 4.500000),1,0,0.5,False
13:56:12.231,(-2.962221, -0.500449, 4.500000),1,0,0.5,False
13:56:12.526,(-2.962222, -0.493835, 4.500000),0,0,0.5,False
13:56:12.526,(-2.962222, -0.493835, 4.500000),0,0,0.5,False
13:56:12.547,(-2.704281, 0.101413, 4.500000),0,0,0.5,False
13:56:12.548,(-2.704281, 0.101413, 4.500000),0,0,0.5,False
13:56:12.560,(-2.697667, 0.121254, 4.500000),0,0,0.5,False
13:56:12.560,(-2.697667, 0.121254, 4.500000),0,0,0.5,False
13:56:12.576,(-2.697667, 0.121254, 4.500000),0,0,0.5,False
13:56:12.577,(-2.697667, 0.121254, 4.500000),0,0,0.5,False
13:56:12.590,(-2.697668, 0.108026, 4.500000),0,0,0.5,False
13:56:12.591,(-2.697668, 0.108026, 4.500000),0,0,0.5,False
13:56:12.612,(-2.697668, 0.081571, 4.500000),0.4465877,0,0.5,False
13:56:12.613,(-2.697668, 0.081571, 4.500000),0.4465877,0,0.5,False
13:56:12.633,(-2.691052, 0.048502, 4.500000),0.5974851,0.5,0.4944444,False
13:56:12.633,(-2.691052, 0.048502, 4.500000),0.5974851,0.5,0.4944444,False
13:56:12.647,(-2.684439, -0.030865, 4.500000),0.5974851,0.5,0.4944444,False
13:56:12.647,(-2.684439, -0.030865, 4.500000),0.5974851,0.5,0.4944444,False
13:56:12.659,(-2.684439, -0.070548, 4.500000),0.5974851,0.5,0.4944444,False
13:56:12.659,(-2.684439, -0.070548, 4.500000),0.5974851,0.5,0.4944444,False
13:56:12.675,(-2.677825, -0.116845, 4.500000),0.59016,0.5,0.4777778,False
13:56:12.676,(-2.677825, -0.116845, 4.500000),0.59016,0.5,0.4777778,False
13:56:12.689,(-2.671212, -0.156528, 4.500000),0.59016,0.5,0.4777778,False
13:56:12.689,(-2.671212, -0.156528, 4.500000),0.59016,0.5,0.4777778,False
13:56:12.713,(-2.664598, -0.229281, 4.500000),0.6184837,0.5,0.4777778,False
13:56:12.714,(-2.664598, -0.229281, 4.500000),0.6184837,0.5,0.4777778,False
13:56:12.737,(-2.651371, -0.288806, 4.500000),0.6184837,0.5,0.4777778,False
13:56:12.737,(-2.651371, -0.288806, 4.500000),0.6184837,0.5,0.4777778,False
13:56:15.407,(-2.644756, -0.354944, 4.500000),0,0.5,0.4277778,True
13:56:15.407,(-2.644756, -0.354944, 4.500000),0,0.5,0.4277778,True
13:56:15.423,(-2.644756, -0.354944, 4.500000),0,0.5,0.4277778,True
13:56:15.423,(-2.644756, -0.354944, 4.500000),0,0.5,0.4277778,True
13:56:15.440,(-2.644756, -0.354944, 4.500000),0,0.5,0.4277778,True
13:56:15.440,(-2.644756, -0.354944, 4.500000),0,0.5,0.4277778,True
13:56:15.454,(-2.644756, -0.354944, 4.500000),0,0.5,0.4277778,True
13:56:15.455,(-2.644756, -0.354944, 4.500000),0,0.5,0.4277778,True
13:56:15.472,(-2.644756, -0.354944, 4.500000),0,0.5,0.4166667,True
13:56:15.472,(-2.644756, -0.354944, 4.500000),0,0.5,0.4166667,True
13:56:15.495,(-2.644756, -0.354944, 4.500000),0,0.5,0.4111111,True
13:56:15.496,(-2.644756, -0.354944, 4.500000),0,0.5,0.4111111,True
13:56:15.508,(-2.644756, -0.354944, 4.500000),0,0.5,0.4111111,True
13:56:15.509,(-2.644756, -0.354944, 4.500000),0,0.5,0.4111111,True
