15:25:22.830,(-0.951606, -1.452846, 4.500000),0,0.5,0.4277778,True
15:25:22.858,(0.635722, 0.174165, 4.500000),0,0.5,0.4222222,True
15:25:22.874,(0.642335, 0.167551, 4.500000),0,0.5,0.4222222,True
15:25:22.894,(0.648950, 0.160938, 4.500000),0,0.5,0.4166667,True
15:25:22.911,(0.662177, 0.141096, 4.500000),0,0.5,0.4111111,True
15:25:22.935,(0.662177, 0.127868, 4.500000),0.1257478,0.5,0.4055555,True
15:25:22.956,(0.675405, 0.101413, 4.500000),0.1263582,0.5,0.4,True
15:25:22.974,(0.675405, 0.074957, 4.500000),0.1263582,0.5,0.4,True
15:25:22.990,(0.675406, 0.048502, 4.500000),0.1263582,0.5,0.4,True
15:25:23.016,(0.675406, 0.028660, 4.500000),0.1345379,0.5,0.3611111,True
15:25:23.031,(0.675405, -0.017637, 4.500000),0.1341716,0.5,0.3611111,True
15:25:23.059,(0.668792, -0.037479, 4.500000),0.1356367,0.5,0.3555556,True
15:25:23.079,(0.655564, -0.077162, 4.500000),0.1350262,0.5,0.35,True
15:25:23.094,(0.635722, -0.110231, 4.500000),0.1350262,0.5,0.35,True
15:25:23.111,(0.629109, -0.123459, 4.500000),0.1350262,0.5,0.35,True
15:25:23.132,(0.622494, -0.136687, 4.500000),0.1350262,0.5,0.35,True
15:25:23.150,(0.589425, -0.149914, 4.500000),0.1350262,0.5,0.35,True
15:25:23.179,(0.569584, -0.149914, 4.500000),0.1350262,0.5,0.35,True
15:25:23.201,(0.516673, -0.143301, 4.500000),0.1507752,0.5,0.35,True
15:25:23.215,(0.463762, -0.130073, 4.500000),0.1650592,0.5,0.35,True
15:25:23.233,(0.437307, -0.116845, 4.500000),0.1913075,0.5,0.35,True
15:25:23.257,(0.410850, -0.103617, 4.500000),0.1913075,0.5,0.35,True
15:25:23.273,(0.377781, -0.077162, 4.500000),0.2329386,0.5,0.35,True
15:25:23.300,(0.344711, -0.050706, 4.500000),0.2329386,0.5,0.35,True
15:25:23.323,(0.318256, -0.017637, 4.500000),0.3092419,0.5,0.35,True
15:25:23.336,(0.278573, 0.028660, 4.500000),0.3385423,0.5,0.35,True
15:25:23.355,(0.265346, 0.055116, 4.500000),0.3870101,0.5,0.35,True
15:25:23.379,(0.252118, 0.094799, 4.500000),0.3870101,0.5,0.35,True
15:25:23.397,(0.238889, 0.127868, 4.500000),0.5890611,0.5,0.35,True
15:25:23.424,(0.238889, 0.134482, 4.500000),0.6673178,0.5,0.35,True
15:25:23.443,(0.238889, 0.141096, 4.500000),0.7017458,0.5,0.35,True
15:25:23.461,(0.238889, 0.141096, 4.500000),0.7017458,0.5,0.35,True
15:25:23.479,(0.238889, 0.127868, 4.500000),0.7409351,0.5,0.3444445,True
15:25:23.499,(0.252118, 0.101413, 4.500000),0.7436211,0.5,0.3444445,True
15:25:23.519,(0.252118, 0.068343, 4.500000),0.7271395,0.5,0.3444445,True
15:25:23.547,(0.258731, 0.041888, 4.500000),0.7271395,0.5,0.3444445,True
15:25:23.567,(0.258731, -0.004409, 4.500000),0.7248199,0.5,0.3388889,True
15:25:23.582,(0.252118, -0.030865, 4.500000),0.7248199,0.5,0.3388889,True
15:25:23.598,(0.245504, -0.057320, 4.500000),0.7251862,0.5,0.3388889,True
15:25:23.625,(0.238889, -0.070548, 4.500000),0.7250641,0.5,0.3388889,True
15:25:23.638,(0.205821, -0.090390, 4.500000),0.723477,0.5,0.3388889,True
15:25:23.665,(0.185979, -0.097003, 4.500000),0.723477,0.5,0.3444445,True
15:25:23.685,(0.133069, -0.103617, 4.500000),0.7235991,0.5,0.3444445,True
15:25:23.701,(0.093386, -0.090390, 4.500000),0.7235991,0.5,0.3444445,True
15:25:23.722,(0.047089, -0.077162, 4.500000),0.7270175,0.5,0.3444445,True
15:25:23.746,(0.014019, -0.050706, 4.500000),0.7340984,0.5,0.3444445,True
15:25:23.762,(-0.019052, -0.024251, 4.500000),0.7370284,0.5,0.3444445,True
15:25:23.786,(-0.038891, 0.002205, 4.500000),0.7414235,0.5,0.3444445,True
15:25:23.809,(-0.065348, 0.035274, 4.500000),0.7414235,0.5,0.3444445,True
15:25:23.832,(-0.078575, 0.074957, 4.500000),0.7444757,0.5,0.3444445,True
15:25:23.845,(-0.085190, 0.094799, 4.500000),0.7460628,0.5,0.3444445,True
15:25:23.868,(-0.085190, 0.108026, 4.500000),0.747894,0.5,0.3444445,True
15:25:23.883,(-0.085190, 0.114640, 4.500000),0.747894,0.5,0.3444445,True
15:25:23.911,(-0.085190, 0.114640, 4.500000),0.7685264,0.5,0.3444445,True
15:25:23.933,(-0.078575, 0.108026, 4.500000),0.7685264,0.5,0.3444445,True
15:25:23.948,(-0.071962, 0.081571, 4.500000),0.7760957,0.5,0.3444445,True
15:25:23.965,(-0.065348, 0.068343, 4.500000),0.764986,0.5,0.3444445,True
15:25:23.991,(-0.052120, 0.041888, 4.500000),0.7626663,0.5,0.3388889,True
15:25:24.004,(-0.032278, 0.008819, 4.500000),0.7624221,0.5,0.3388889,True
15:25:24.033,(-0.019052, -0.011023, 4.500000),0.7576609,0.5,0.3388889,True
15:25:24.054,(0.007405, -0.063934, 4.500000),0.7568063,0.5,0.3388889,True
15:25:24.069,(0.040474, -0.110231, 4.500000),0.7543646,0.5,0.3388889,True
15:25:24.087,(0.053702, -0.143301, 4.500000),0.7544866,0.5,0.3388889,True
15:25:24.110,(0.073544, -0.182984, 4.500000),0.7557075,0.5,0.3388889,True
15:25:24.128,(0.093386, -0.222667, 4.500000),0.7539983,0.5,0.3444445,True
15:25:24.154,(0.119841, -0.262350, 4.500000),0.7580271,0.5,0.3444445,True
15:25:24.172,(0.133069, -0.328489, 4.500000),0.7580271,0.5,0.3444445,True
15:25:24.192,(0.139682, -0.374786, 4.500000),0.754975,0.5,0.3444445,True
15:25:24.207,(0.133069, -0.421083, 4.500000),0.754975,0.5,0.3444445,True
15:25:24.231,(0.133069, -0.447538, 4.500000),0.7557075,0.5,0.35,True
15:25:24.249,(0.106612, -0.500449, 4.500000),0.7574167,0.5,0.35,True
15:25:24.272,(0.093386, -0.526905, 4.500000),0.7574167,0.5,0.35,True
15:25:24.293,(0.047089, -0.579816, 4.500000),0.7561958,0.5,0.35,True
15:25:24.314,(0.000790, -0.619499, 4.500000),0.7561958,0.5,0.35,True
15:25:24.331,(-0.065348, -0.645954, 4.500000),0.7603467,0.5,0.35,True
15:25:24.351,(-0.144713, -0.672410, 4.500000),0.7630326,0.5,0.35,True
15:25:24.368,(-0.237309, -0.698865, 4.500000),0.7646197,0.5,0.35,True
15:25:24.397,(-0.329902, -0.718707, 4.500000),0.7647418,0.5,0.3555556,True
15:25:24.420,(-0.442338, -0.725321, 4.500000),0.7647418,0.5,0.3555556,True
15:25:24.437,(-0.594456, -0.725321, 4.500000),0.7647418,0.5,0.3555556,True
15:25:24.451,(-0.713507, -0.698865, 4.500000),0.7647418,0.5,0.3555556,True
15:25:24.476,(-0.779645, -0.679024, 4.500000),0.7647418,0.5,0.3555556,True
15:25:24.492,(-0.925151, -0.612885, 4.500000),0.7789037,0.5,0.3611111,True
15:25:24.520,(-0.984676, -0.566588, 4.500000),0.795141,0.5,0.3611111,True
15:25:24.541,(-1.097111, -0.447538, 4.500000),0.8932975,0.5,0.3666667,True
15:25:24.558,(-1.163250, -0.275578, 4.500000),1,0.5,0.3666667,True
15:25:25.072,(-1.169863, -0.169756, 4.500000),0,0.5,0.4,False
15:25:25.096,(0.053702, 0.412264, 4.500000),0,0.5,0.4055555,False
15:25:25.111,(0.053702, 0.412264, 4.500000),0,0.5,0.4055555,False
15:25:25.141,(0.060315, 0.412264, 4.500000),0,0.5,0.3944444,False
15:25:25.162,(0.066929, 0.412264, 4.500000),0.06543767,0.5,0.3944444,False
15:25:25.177,(0.066929, 0.432106, 4.500000),0.06763521,0.5,0.3888889,False
15:25:25.194,(0.080157, 0.451948, 4.500000),0.08228543,0.5,0.3833333,False
15:25:25.222,(0.086770, 0.478403, 4.500000),0.1946038,0.5,0.3722222,False
15:25:25.234,(0.106612, 0.518086, 4.500000),0.1946038,0.5,0.3722222,False
15:25:25.265,(0.119841, 0.537928, 4.500000),0.3584422,0.5,0.3611111,False
15:25:25.286,(0.139682, 0.570997, 4.500000),0.4463435,0.5,0.3555556,False
15:25:25.301,(0.166137, 0.584225, 4.500000),0.4463435,0.5,0.3555556,False
15:25:25.317,(0.185979, 0.584225, 4.500000),0.5040898,0.5,0.35,False
15:25:25.343,(0.199208, 0.584225, 4.500000),0.6270297,0.5,0.3444445,False
15:25:25.358,(0.238889, 0.557769, 4.500000),0.6270297,0.5,0.3444445,False
15:25:25.389,(0.258731, 0.524700, 4.500000),0.6280063,0.5,0.3444445,False
15:25:25.411,(0.291801, 0.471789, 4.500000),0.6253205,0.5,0.3388889,False
15:25:25.427,(0.318256, 0.432106, 4.500000),0.6253205,0.5,0.3388889,False
15:25:25.440,(0.338098, 0.399037, 4.500000),0.6253205,0.5,0.3388889,False
15:25:25.468,(0.351326, 0.372581, 4.500000),0.6253205,0.5,0.3388889,False
15:25:25.483,(0.364553, 0.346126, 4.500000),0.6253205,0.5,0.3388889,False
15:25:25.505,(0.364553, 0.346126, 4.500000),0.6250763,0.5,0.3333333,False
15:25:25.527,(0.364553, 0.339512, 4.500000),0.6243438,0.5,0.3388889,False
15:25:26.365,(0.364553, 0.346126, 4.500000),0,0,0.5,False
15:25:26.385,(0.364553, 0.346126, 4.500000),0,0,0.5,False
