11:40:34.353,(-1.652676, -0.388014, 4.500000),0,0.5,0.4944444,False
11:40:34.377,(-0.918537, -0.381400, 4.500000),0,0,0.5,False
11:40:34.390,(-0.938379, -0.368172, 4.500000),0,0,0.5,False
11:40:34.417,(-0.958219, -0.361558, 4.500000),0,0,0.5,False
11:40:34.440,(-0.997903, -0.341716, 4.500000),1,0.5,0.4944444,False
11:40:34.456,(-1.030973, -0.308647, 4.500000),1,0.5,0.4944444,False
11:40:34.469,(-1.037586, -0.288806, 4.500000),1,0.5,0.4944444,False
11:40:34.493,(-1.037586, -0.262350, 4.500000),1,0.5,0.4888889,False
11:40:34.505,(-1.004518, -0.222667, 4.500000),1,0.5,0.4888889,False
11:40:34.531,(-0.978061, -0.216053, 4.500000),1,0.5,0.4833333,False
11:40:34.554,(-0.938379, -0.209439, 4.500000),1,0.5,0.4722222,False
11:40:34.571,(-0.905309, -0.229281, 4.500000),1,0.5,0.4722222,False
11:40:34.586,(-0.885467, -0.249122, 4.500000),1,0.5,0.4666667,False
11:40:34.608,(-0.878854, -0.262350, 4.500000),1,0.5,0.4611111,False
11:40:34.623,(-0.859012, -0.288806, 4.500000),1,0.5,0.4611111,False
11:40:34.648,(-0.845784, -0.315261, 4.500000),1,0.5,0.4611111,False
11:40:34.670,(-0.819329, -0.368172, 4.500000),1,0.5,0.4555556,False
11:40:34.684,(-0.792874, -0.434311, 4.500000),1,0.5,0.4555556,False
11:40:34.704,(-0.786259, -0.460766, 4.500000),1,0.5,0.4555556,False
11:40:34.727,(-0.779645, -0.500449, 4.500000),1,0.5,0.4611111,False
11:40:34.739,(-0.786259, -0.540133, 4.500000),1,0.5,0.4611111,False
11:40:34.770,(-0.799487, -0.573202, 4.500000),1,0.5,0.4666667,False
11:40:34.792,(-0.845784, -0.639340, 4.500000),1,0.5,0.4722222,False
11:40:34.810,(-0.951606, -0.705479, 4.500000),1,0.5,0.4722222,False
11:40:34.822,(-1.064041, -0.751776, 4.500000),1,0.5,0.4722222,False
11:40:34.842,(-1.156636, -0.778232, 4.500000),1,0.5,0.4722222,False
11:40:34.855,(-1.308755, -0.791459, 4.500000),1,0.5,0.4722222,False
11:40:34.882,(-1.401349, -0.798073, 4.500000),1,0.5,0.4833333,False
11:40:34.905,(-1.533625, -0.778232, 4.500000),1,0.5,0.4944444,False
11:40:34.920,(-1.672518, -0.698865, 4.500000),1,0,0.5,False
11:40:34.937,(-1.738656, -0.626113, 4.500000),1,0,0.5,False
11:40:34.961,(-1.765111, -0.579816, 4.500000),1,0,0.5,False
11:40:34.973,(-1.771724, -0.500449, 4.500000),1,0,0.5,False
11:40:34.998,(-1.751885, -0.460766, 4.500000),1,0,0.5,False
11:40:35.020,(-1.665902, -0.388014, 4.500000),1,0,0.5,False
11:40:35.570,(-1.487329, -0.295420, 4.500000),0,0.5,0.4944444,False
11:40:35.587,(-1.017744, -0.004409, 4.500000),0,0.5,0.4944444,False
11:40:35.612,(-1.017744, -0.017637, 4.500000),0,0,0.5,False
11:40:35.625,(-1.024359, -0.011023, 4.500000),0,0,0.5,False
11:40:35.784,(-1.030973, -0.017637, 4.500000),0,0.5,0.4833333,False
11:40:35.801,(-1.176478, -0.017637, 4.500000),0,0.5,0.4833333,False
11:40:36.609,(-1.176478, -0.024251, 4.500000),0,0,0.5,False
11:40:36.624,(-1.176478, -0.024251, 4.500000),0,0,0.5,False
11:40:36.644,(-1.176478, -0.024251, 4.500000),0,0,0.5,False
11:40:36.662,(-1.176478, -0.024251, 4.500000),0,0,0.5,False
