13:54:24.733,(-2.181786, -0.090390, 4.500000),0,0.5,0.4944444,False
13:54:24.733,(-2.181786, -0.090390, 4.500000),0,0.5,0.4944444,False
13:54:24.760,(-2.327290, -0.368172, 4.500000),0,0.5,0.4888889,False
13:54:24.760,(-2.327290, -0.368172, 4.500000),0,0.5,0.4888889,False
13:54:24.779,(-2.327290, -0.354944, 4.500000),0,0.5,0.4888889,False
13:54:24.779,(-2.327290, -0.354944, 4.500000),0,0.5,0.4888889,False
13:54:24.801,(-2.333905, -0.341716, 4.500000),0,0.5,0.4777778,False
13:54:24.802,(-2.333905, -0.341716, 4.500000),0,0.5,0.4777778,False
13:54:24.821,(-2.340518, -0.328489, 4.500000),0,0.5,0.4722222,False
13:54:24.821,(-2.340518, -0.328489, 4.500000),0,0.5,0.4722222,False
13:54:24.837,(-2.353746, -0.315261, 4.500000),0,0.5,0.4722222,False
13:54:24.837,(-2.353746, -0.315261, 4.500000),0,0.5,0.4722222,False
13:54:24.849,(-2.366973, -0.302033, 4.500000),0.1162251,0.5,0.4444444,False
13:54:24.849,(-2.366973, -0.302033, 4.500000),0.1162251,0.5,0.4444444,False
13:54:24.866,(-2.380201, -0.302033, 4.500000),0.1526065,0.5,0.4333333,False
13:54:24.867,(-2.380201, -0.302033, 4.500000),0.1526065,0.5,0.4333333,False
13:54:24.878,(-2.400043, -0.295419, 4.500000),0.1526065,0.5,0.4333333,False
13:54:24.879,(-2.400043, -0.295419, 4.500000),0.1526065,0.5,0.4333333,False
13:54:24.899,(-2.419885, -0.295420, 4.500000),0.2704188,0.5,0.4222222,False
13:54:24.899,(-2.419885, -0.295420, 4.500000),0.2704188,0.5,0.4222222,False
13:54:24.918,(-2.439727, -0.295420, 4.500000),0.277988,0.5097222,0.4055555,False
13:54:24.918,(-2.439727, -0.295420, 4.500000),0.277988,0.5097222,0.4055555,False
13:54:24.933,(-2.472795, -0.302033, 4.500000),0.277988,0.5097222,0.4055555,False
13:54:24.933,(-2.472795, -0.302033, 4.500000),0.277988,0.5097222,0.4055555,False
13:54:24.943,(-2.499250, -0.302033, 4.500000),0.277988,0.5097222,0.4055555,False
13:54:24.945,(-2.499250, -0.302033, 4.500000),0.277988,0.5097222,0.4055555,False
13:54:24.959,(-2.512479, -0.308647, 4.500000),0.277988,0.5097222,0.4055555,False
13:54:24.959,(-2.512479, -0.308647, 4.500000),0.277988,0.5097222,0.4055555,False
13:54:24.972,(-2.525707, -0.315261, 4.500000),0.2911732,0.5083333,0.3888889,False
13:54:24.972,(-2.525707, -0.315261, 4.500000),0.2911732,0.5083333,0.3888889,False
13:54:24.994,(-2.538934, -0.321875, 4.500000),0.3072885,0.5083333,0.3888889,False
13:54:24.994,(-2.538934, -0.321875, 4.500000),0.3072885,0.5083333,0.3888889,False
13:54:25.013,(-2.545548, -0.335103, 4.500000),0.3102185,0.5083333,0.3888889,False
13:54:25.013,(-2.545548, -0.335103, 4.500000),0.3102185,0.5083333,0.3888889,False
13:54:25.026,(-2.552162, -0.361558, 4.500000),0.3102185,0.5083333,0.3888889,False
13:54:25.026,(-2.552162, -0.361558, 4.500000),0.3102185,0.5083333,0.3888889,False
13:54:25.041,(-2.552162, -0.381400, 4.500000),0.3102185,0.5083333,0.3888889,False
13:54:25.042,(-2.552162, -0.381400, 4.500000),0.3102185,0.5083333,0.3888889,False
13:54:25.062,(-2.545549, -0.394627, 4.500000),0.310829,0.5083333,0.3888889,False
13:54:25.063,(-2.545549, -0.394627, 4.500000),0.310829,0.5083333,0.3888889,False
13:54:25.075,(-2.532320, -0.414469, 4.500000),0.310829,0.5083333,0.3888889,False
13:54:25.075,(-2.532320, -0.414469, 4.500000),0.310829,0.5083333,0.3888889,False
13:54:25.096,(-2.519092, -0.427697, 4.500000),0.310829,0.5083333,0.3888889,False
13:54:25.097,(-2.519092, -0.427697, 4.500000),0.310829,0.5083333,0.3888889,False
13:54:25.117,(-2.499250, -0.447538, 4.500000),0.3115615,0.5,0.3944444,False
13:54:25.117,(-2.499250, -0.447538, 4.500000),0.3115615,0.5,0.3944444,False
13:54:25.133,(-2.459569, -0.460766, 4.500000),0.3138811,0.5,0.3944444,False
13:54:25.133,(-2.459569, -0.460766, 4.500000),0.3138811,0.5,0.3944444,False
13:54:25.149,(-2.439727, -0.460766, 4.500000),0.319497,0.5,0.3944444,False
13:54:25.150,(-2.439727, -0.460766, 4.500000),0.319497,0.5,0.3944444,False
13:54:25.170,(-2.406657, -0.467380, 4.500000),0.3235258,0.5,0.4,False
13:54:25.171,(-2.406657, -0.467380, 4.500000),0.3235258,0.5,0.4,False
13:54:25.186,(-2.380201, -0.467380, 4.500000),0.3235258,0.5,0.4,False
13:54:25.186,(-2.380201, -0.467380, 4.500000),0.3235258,0.5,0.4,False
13:54:25.208,(-2.360360, -0.467380, 4.500000),0.3706507,0.5,0.4,False
13:54:25.208,(-2.360360, -0.467380, 4.500000),0.3706507,0.5,0.4,False
13:54:25.229,(-2.347131, -0.467380, 4.500000),0.4916372,0.5,0.4055555,False
13:54:25.230,(-2.347131, -0.467380, 4.500000),0.4916372,0.5,0.4055555,False
13:54:25.245,(-2.333905, -0.473994, 4.500000),0.5526798,0.5,0.4055555,False
13:54:25.246,(-2.333905, -0.473994, 4.500000),0.5526798,0.5,0.4055555,False
13:54:25.257,(-2.327290, -0.473994, 4.500000),0.5620803,0.5,0.4055555,False
13:54:25.257,(-2.327290, -0.473994, 4.500000),0.5620803,0.5,0.4055555,False
13:54:25.272,(-2.327290, -0.473994, 4.500000),0.5617141,0.5091667,0.4,False
13:54:25.273,(-2.327290, -0.473994, 4.500000),0.5617141,0.5091667,0.4,False
13:54:25.289,(-2.327290, -0.473994, 4.500000),0.5628129,0.5091667,0.4,False
13:54:25.289,(-2.327290, -0.473994, 4.500000),0.5628129,0.5091667,0.4,False
13:54:25.312,(-2.327290, -0.473994, 4.500000),0.5628129,0.5091667,0.4,False
13:54:25.313,(-2.327290, -0.473994, 4.500000),0.5628129,0.5091667,0.4,False
13:54:25.332,(-2.340518, -0.473994, 4.500000),0.5628129,0.5091667,0.4,False
13:54:25.332,(-2.340518, -0.473994, 4.500000),0.5628129,0.5091667,0.4,False
13:54:25.346,(-2.366973, -0.487221, 4.500000),0.5628129,0.5091667,0.4,False
13:54:25.346,(-2.366973, -0.487221, 4.500000),0.5628129,0.5091667,0.4,False
13:54:25.359,(-2.386815, -0.493835, 4.500000),0.5624466,0.5186111,0.4,False
13:54:25.359,(-2.386815, -0.493835, 4.500000),0.5624466,0.5186111,0.4,False
13:54:25.378,(-2.413270, -0.500449, 4.500000),0.571603,0.5186111,0.4,False
13:54:25.378,(-2.413270, -0.500449, 4.500000),0.571603,0.5186111,0.4,False
13:54:25.391,(-2.452953, -0.513677, 4.500000),0.5761201,0.5186111,0.4,False
13:54:25.391,(-2.452953, -0.513677, 4.500000),0.5761201,0.5186111,0.4,False
13:54:25.411,(-2.472795, -0.526905, 4.500000),0.5761201,0.5186111,0.4,False
13:54:25.412,(-2.472795, -0.526905, 4.500000),0.5761201,0.5186111,0.4,False
13:54:25.432,(-2.499249, -0.540133, 4.500000),0.5896716,0.5277778,0.4,False
13:54:25.433,(-2.499249, -0.540133, 4.500000),0.5896716,0.5277778,0.4,False
13:54:25.448,(-2.545549, -0.573202, 4.500000),0.5900378,0.5277778,0.4,False
13:54:25.448,(-2.545549, -0.573202, 4.500000),0.5900378,0.5277778,0.4,False
13:54:25.460,(-2.565389, -0.593044, 4.500000),0.5906483,0.5186111,0.4,False
13:54:25.460,(-2.565389, -0.593044, 4.500000),0.5906483,0.5186111,0.4,False
13:54:25.476,(-2.578617, -0.619499, 4.500000),0.5908924,0.5186111,0.4,False
13:54:25.476,(-2.578617, -0.619499, 4.500000),0.5908924,0.5186111,0.4,False
13:54:25.487,(-2.591846, -0.652568, 4.500000),0.5923575,0.5186111,0.4,False
13:54:25.487,(-2.591846, -0.652568, 4.500000),0.5923575,0.5186111,0.4,False
13:54:25.509,(-2.598458, -0.672410, 4.500000),0.5955317,0.5091667,0.4,False
13:54:25.510,(-2.598458, -0.672410, 4.500000),0.5955317,0.5091667,0.4,False
13:54:25.530,(-2.605072, -0.712093, 4.500000),0.5935783,0.5091667,0.4,False
13:54:25.530,(-2.605072, -0.712093, 4.500000),0.5935783,0.5091667,0.4,False
13:54:25.545,(-2.598458, -0.765004, 4.500000),0.5935783,0.5091667,0.4,False
13:54:25.545,(-2.598458, -0.765004, 4.500000),0.5935783,0.5091667,0.4,False
13:54:25.558,(-2.591846, -0.791459, 4.500000),0.5935783,0.5091667,0.4,False
13:54:25.558,(-2.591846, -0.791459, 4.500000),0.5935783,0.5091667,0.4,False
13:54:25.577,(-2.572004, -0.817915, 4.500000),0.604566,0.5,0.4111111,False
13:54:25.577,(-2.572004, -0.817915, 4.500000),0.604566,0.5,0.4111111,False
13:54:25.592,(-2.532320, -0.857598, 4.500000),0.6044439,0.5,0.4111111,False
13:54:25.592,(-2.532320, -0.857598, 4.500000),0.6044439,0.5,0.4111111,False
13:54:25.610,(-2.499250, -0.884054, 4.500000),0.627518,0.5,0.4166667,False
13:54:25.610,(-2.499250, -0.884054, 4.500000),0.627518,0.5,0.4166667,False
13:54:25.629,(-2.452953, -0.903895, 4.500000),0.627518,0.5,0.4166667,False
13:54:25.629,(-2.452953, -0.903895, 4.500000),0.627518,0.5,0.4166667,False
13:54:25.645,(-2.353747, -0.923737, 4.500000),1,0.5,0.4166667,False
13:54:25.645,(-2.353747, -0.923737, 4.500000),1,0.5,0.4166667,False
13:54:25.659,(-2.307450, -0.930351, 4.500000),1,0.5,0.4222222,False
13:54:25.659,(-2.307450, -0.930351, 4.500000),1,0.5,0.4222222,False
13:54:25.675,(-2.254538, -0.930351, 4.500000),1,0.5,0.4277778,False
13:54:25.675,(-2.254538, -0.930351, 4.500000),1,0.5,0.4277778,False
13:54:25.689,(-2.201626, -0.917123, 4.500000),1,0.5,0.4277778,False
13:54:25.690,(-2.201626, -0.917123, 4.500000),1,0.5,0.4277778,False
13:54:26.145,(-2.128874, -0.890667, 4.500000),0,0.5,0.4722222,False
13:54:26.145,(-2.128874, -0.890667, 4.500000),0,0.5,0.4722222,False
13:54:26.159,(-2.446340, -0.149914, 4.500000),0,0.5,0.4722222,False
13:54:26.159,(-2.446340, -0.149914, 4.500000),0,0.5,0.4722222,False
13:54:26.177,(-2.452953, -0.149914, 4.500000),0,0.5,0.4777778,False
13:54:26.177,(-2.452953, -0.149914, 4.500000),0,0.5,0.4777778,False
13:54:26.193,(-2.446340, -0.143300, 4.500000),0,0.5,0.4777778,False
13:54:26.193,(-2.446340, -0.143300, 4.500000),0,0.5,0.4777778,False
13:54:26.214,(-2.446340, -0.136687, 4.500000),0,0.5,0.4777778,False
13:54:26.214,(-2.446340, -0.136687, 4.500000),0,0.5,0.4777778,False
13:54:26.228,(-2.446340, -0.136687, 4.500000),0,0.5,0.4777778,False
13:54:26.228,(-2.446340, -0.136687, 4.500000),0,0.5,0.4777778,False
13:54:26.246,(-2.446340, -0.143300, 4.500000),0,0.5,0.4777778,False
13:54:26.246,(-2.446340, -0.143300, 4.500000),0,0.5,0.4777778,False
13:54:26.267,(-2.439727, -0.143300, 4.500000),0.5665975,0.5,0.4722222,False
13:54:26.267,(-2.439727, -0.143300, 4.500000),0.5665975,0.5,0.4722222,False
13:54:26.283,(-2.433112, -0.143301, 4.500000),0.6082286,0.5,0.4611111,False
13:54:26.283,(-2.433112, -0.143301, 4.500000),0.6082286,0.5,0.4611111,False
13:54:26.296,(-2.433112, -0.143301, 4.500000),0.6082286,0.5,0.4611111,False
13:54:26.297,(-2.433112, -0.143301, 4.500000),0.6082286,0.5,0.4611111,False
13:54:27.642,(-2.433112, -0.143301, 4.500000),0,0.5,0.45,False
13:54:27.642,(-2.433112, -0.143301, 4.500000),0,0.5,0.45,False
13:54:27.661,(-2.433112, -0.143301, 4.500000),0,0.5,0.4388889,False
13:54:27.661,(-2.433112, -0.143301, 4.500000),0,0.5,0.4388889,False
13:54:27.674,(-2.433112, -0.143301, 4.500000),0,0.5,0.4277778,False
13:54:27.674,(-2.433112, -0.143301, 4.500000),0,0.5,0.4277778,False
13:54:27.686,(-2.433112, -0.143301, 4.500000),0,0.5,0.4277778,False
13:54:27.686,(-2.433112, -0.143301, 4.500000),0,0.5,0.4277778,False
13:54:27.707,(-2.433112, -0.143301, 4.500000),0,0.5,0.4111111,False
13:54:27.707,(-2.433112, -0.143301, 4.500000),0,0.5,0.4111111,False
13:54:27.721,(-2.433112, -0.143301, 4.500000),0,0.5,0.3944444,False
13:54:27.721,(-2.433112, -0.143301, 4.500000),0,0.5,0.3944444,False
