13:26:26.129,(-1.811408, -0.090390, 4.500000),0,0,0.5,False
13:26:26.148,(-1.308755, -0.169756, 4.500000),0,0.5,0.4944444,False
13:26:26.168,(-1.308755, -0.156528, 4.500000),0,0.5,0.4944444,False
13:26:26.180,(-1.308755, -0.156528, 4.500000),0,0.5,0.4833333,False
13:26:26.202,(-1.308755, -0.143301, 4.500000),0,0.5,0.4777778,False
13:26:26.216,(-1.308755, -0.143301, 4.500000),0,0.5,0.4777778,False
13:26:26.237,(-1.308755, -0.136687, 4.500000),0,0.5,0.4777778,False
13:26:26.256,(-1.315368, -0.130073, 4.500000),0,0.5,0.4777778,False
13:26:26.269,(-1.315368, -0.130073, 4.500000),0.1220852,0.5552778,0.4333333,False
13:26:26.282,(-1.321982, -0.123459, 4.500000),0.1220852,0.5552778,0.4333333,False
13:26:26.300,(-1.328597, -0.123459, 4.500000),0.1685997,0.5569444,0.4,False
13:26:26.312,(-1.348439, -0.123459, 4.500000),0.2169454,0.5619444,0.3944444,False
13:26:26.338,(-1.348439, -0.123459, 4.500000),0.3644244,0.5633333,0.3833333,False
13:26:26.358,(-1.381507, -0.123459, 4.500000),0.3644244,0.5633333,0.3833333,False
13:26:26.373,(-1.401349, -0.130073, 4.500000),0.6057869,0.5736111,0.3722222,False
13:26:26.383,(-1.421190, -0.136687, 4.500000),0.6718349,0.5766667,0.3666667,False
13:26:26.402,(-1.427804, -0.143301, 4.500000),0.7413014,0.5736111,0.3611111,False
13:26:26.415,(-1.441032, -0.149914, 4.500000),0.7413014,0.5736111,0.3611111,False
13:26:26.437,(-1.454260, -0.156528, 4.500000),0.7935539,0.5736111,0.3611111,False
13:26:26.458,(-1.460874, -0.176370, 4.500000),0.8040532,0.5736111,0.3611111,False
13:26:26.473,(-1.467487, -0.196211, 4.500000),0.8040532,0.5736111,0.3611111,False
13:26:26.485,(-1.467487, -0.216053, 4.500000),0.8040532,0.5736111,0.3611111,False
13:26:26.500,(-1.467487, -0.222667, 4.500000),0.9771701,0.5708333,0.3555556,False
13:26:26.514,(-1.467487, -0.242509, 4.500000),1,0.5708333,0.3555556,False
13:26:26.535,(-1.454260, -0.255736, 4.500000),1,0.5736111,0.3611111,False
13:26:26.557,(-1.441032, -0.275578, 4.500000),1,0.5736111,0.3611111,False
13:26:26.572,(-1.414577, -0.302033, 4.500000),1,0.5736111,0.3611111,False
13:26:26.583,(-1.394735, -0.315261, 4.500000),1,0.5766667,0.3666667,False
13:26:26.603,(-1.374894, -0.321875, 4.500000),1,0.5766667,0.3666667,False
13:26:26.617,(-1.348439, -0.335103, 4.500000),1,0.5766667,0.3666667,False
13:26:26.643,(-1.321982, -0.341716, 4.500000),1,0.5766667,0.3666667,False
13:26:26.662,(-1.282300, -0.348330, 4.500000),1,0.58,0.3722222,False
13:26:26.678,(-1.255843, -0.348330, 4.500000),1,0.5736111,0.3722222,False
13:26:26.691,(-1.242617, -0.348330, 4.500000),1,0.5736111,0.3722222,False
13:26:26.703,(-1.236001, -0.348330, 4.500000),1,0.5736111,0.3722222,False
13:26:26.717,(-1.236001, -0.348330, 4.500000),1,0.5736111,0.3722222,False
13:26:26.743,(-1.236001, -0.348330, 4.500000),1,0.5769445,0.3777778,False
13:26:26.766,(-1.236001, -0.348330, 4.500000),1,0.5736111,0.3722222,False
13:26:26.781,(-1.255843, -0.354944, 4.500000),1,0.5736111,0.3722222,False
13:26:26.794,(-1.269072, -0.354944, 4.500000),1,0.5736111,0.3722222,False
13:26:26.809,(-1.282300, -0.361558, 4.500000),1,0.5736111,0.3722222,False
13:26:26.826,(-1.302140, -0.368172, 4.500000),1,0.5736111,0.3722222,False
13:26:26.849,(-1.341823, -0.368172, 4.500000),1,0.5736111,0.3722222,False
13:26:26.868,(-1.381507, -0.381400, 4.500000),1,0.58,0.3722222,False
13:26:26.883,(-1.414577, -0.388014, 4.500000),1,0.58,0.3722222,False
13:26:26.895,(-1.441032, -0.394627, 4.500000),1,0.58,0.3722222,False
13:26:26.917,(-1.467487, -0.401241, 4.500000),1,0.58,0.3722222,False
13:26:26.933,(-1.493942, -0.414469, 4.500000),1,0.5833333,0.3777778,False
13:26:26.952,(-1.520399, -0.434311, 4.500000),1,0.5769445,0.3777778,False
13:26:26.973,(-1.540241, -0.447538, 4.500000),1,0.5769445,0.3777778,False
13:26:26.987,(-1.573309, -0.473994, 4.500000),1,0.5769445,0.3777778,False
13:26:27.000,(-1.593151, -0.493835, 4.500000),1,0.5769445,0.3777778,False
13:26:27.019,(-1.612993, -0.513677, 4.500000),1,0.5769445,0.3777778,False
13:26:27.032,(-1.626221, -0.540133, 4.500000),1,0.5736111,0.3833333,False
13:26:27.056,(-1.639448, -0.566588, 4.500000),1,0.5736111,0.3833333,False
13:26:27.075,(-1.646063, -0.619499, 4.500000),1,0.5736111,0.3833333,False
13:26:27.090,(-1.639448, -0.659182, 4.500000),1,0.5736111,0.3833333,False
13:26:27.104,(-1.626221, -0.705479, 4.500000),1,0.5619444,0.3944444,False
13:26:27.122,(-1.612993, -0.738549, 4.500000),1,0.5538889,0.3944444,False
13:26:27.135,(-1.599764, -0.758390, 4.500000),1,0.5538889,0.3944444,False
13:26:27.155,(-1.579924, -0.778232, 4.500000),1,0.5569444,0.4,False
13:26:27.176,(-1.546854, -0.817915, 4.500000),1,0.5480555,0.4055555,False
13:26:27.191,(-1.480716, -0.857598, 4.500000),1,0.5413889,0.4111111,False
13:26:27.203,(-1.454260, -0.870826, 4.500000),1,0.5313889,0.4111111,False
13:26:27.219,(-1.421190, -0.884054, 4.500000),1,0.5313889,0.4111111,False
13:26:27.234,(-1.388122, -0.890668, 4.500000),1,0.5208333,0.4111111,False
13:26:27.255,(-1.361665, -0.890667, 4.500000),1,0.5225,0.4166667,False
13:26:27.278,(-1.308755, -0.884054, 4.500000),1,0.5225,0.4166667,False
13:26:27.294,(-1.249230, -0.864212, 4.500000),1,0.5261111,0.4277778,False
13:26:27.305,(-1.222775, -0.850984, 4.500000),1,0.5261111,0.4277778,False
13:26:27.321,(-1.196320, -0.831143, 4.500000),1,0.5261111,0.4277778,False
13:26:27.335,(-1.163249, -0.804687, 4.500000),1,0.5261111,0.4277778,False
13:26:27.784,(-1.143408, -0.778232, 4.500000),0,0.5197222,0.45,False
13:26:27.798,(-1.394735, 0.022046, 4.500000),0,0.5225,0.4555556,False
13:26:27.819,(-1.401349, 0.028660, 4.500000),0,0.5,0.4611111,False
13:26:27.831,(-1.401349, 0.028660, 4.500000),0,0.5,0.4611111,False
13:26:27.855,(-1.401349, 0.028660, 4.500000),0,0.5,0.4666667,False
13:26:27.868,(-1.401349, 0.022046, 4.500000),0,0.5,0.4666667,False
13:26:27.888,(-1.401349, 0.015432, 4.500000),0,0.5,0.4666667,False
13:26:27.910,(-1.401349, 0.015432, 4.500000),0.5394946,0.5197222,0.45,False
13:26:27.925,(-1.388122, 0.015432, 4.500000),0.5297278,0.5286111,0.4333333,False
13:26:27.937,(-1.381507, 0.015432, 4.500000),0.5297278,0.5286111,0.4333333,False
13:26:27.954,(-1.381507, 0.022046, 4.500000),0.5297278,0.5286111,0.4333333,False
13:26:27.968,(-1.374894, 0.028660, 4.500000),0.5580515,0.5480555,0.4055555,False
13:26:27.997,(-1.374894, 0.035274, 4.500000),0.584544,0.5588889,0.3888889,False
13:26:28.017,(-1.368280, 0.041888, 4.500000),0.5923575,0.5605556,0.3777778,False
13:26:28.032,(-1.361665, 0.055116, 4.500000),0.623245,0.5641667,0.3722222,False
13:26:28.043,(-1.355052, 0.048502, 4.500000),0.6355757,0.5616667,0.3666667,False
13:26:28.065,(-1.348439, 0.041888, 4.500000),0.7749969,0.5677778,0.3611111,False
13:26:28.078,(-1.341823, 0.035274, 4.500000),1,0.5677778,0.3611111,False
13:26:29.534,(-1.341823, 0.035274, 4.500000),0,0,0.5,False
13:26:29.549,(-1.341823, 0.035274, 4.500000),0,0,0.5,False
13:26:29.565,(-1.341823, 0.035274, 4.500000),0,0,0.5,False
13:26:29.582,(-1.341823, 0.035274, 4.500000),0,0,0.5,False
13:26:29.598,(-1.341823, 0.035274, 4.500000),0,0.5,0.4944444,False
13:26:29.613,(-1.341823, 0.035274, 4.500000),0,0.5,0.4888889,False
