13:49:38.029,(-2.499250, -0.434311, 4.500000),0,0,0.5,False
13:49:38.029,(-2.499250, -0.434311, 4.500000),0,0,0.5,False
13:49:38.055,(-2.201626, -0.315261, 4.500000),0,0,0.5,False
13:49:38.056,(-2.201626, -0.315261, 4.500000),0,0,0.5,False
13:49:38.068,(-2.201626, -0.308647, 4.500000),0,0,0.5,False
13:49:38.068,(-2.201626, -0.308647, 4.500000),0,0,0.5,False
13:49:38.084,(-2.195012, -0.302033, 4.500000),0,0,0.5,False
13:49:38.085,(-2.195012, -0.302033, 4.500000),0,0,0.5,False
13:49:38.096,(-2.195012, -0.302033, 4.500000),0,0,0.5,False
13:49:38.097,(-2.195012, -0.302033, 4.500000),0,0,0.5,False
13:49:38.120,(-2.195012, -0.302033, 4.500000),0.1358808,0.5,0.4888889,False
13:49:38.120,(-2.195012, -0.302033, 4.500000),0.1358808,0.5,0.4888889,False
13:49:38.138,(-2.195012, -0.302033, 4.500000),0.1620071,0.5,0.4777778,False
13:49:38.139,(-2.195012, -0.302033, 4.500000),0.1620071,0.5,0.4777778,False
13:49:38.152,(-2.195012, -0.302033, 4.500000),0.16335,0.5,0.4722222,False
13:49:38.152,(-2.195012, -0.302033, 4.500000),0.16335,0.5,0.4722222,False
13:49:38.164,(-2.195012, -0.302033, 4.500000),0.1753144,0.5,0.4666667,False
13:49:38.165,(-2.195012, -0.302033, 4.500000),0.1753144,0.5,0.4666667,False
13:49:38.183,(-2.181786, -0.315261, 4.500000),0.3455012,0.5,0.4611111,False
13:49:38.183,(-2.181786, -0.315261, 4.500000),0.3455012,0.5,0.4611111,False
13:49:38.197,(-2.168558, -0.328489, 4.500000),0.4114272,0.5,0.4555556,False
13:49:38.198,(-2.168558, -0.328489, 4.500000),0.4114272,0.5,0.4555556,False
13:49:38.222,(-2.161944, -0.341716, 4.500000),0.4214382,0.5,0.45,False
13:49:38.223,(-2.161944, -0.341716, 4.500000),0.4214382,0.5,0.45,False
13:49:38.241,(-2.142102, -0.368172, 4.500000),0.4396289,0.5,0.4388889,False
13:49:38.242,(-2.142102, -0.368172, 4.500000),0.4471982,0.5,0.4333333,False
13:49:38.256,(-2.128874, -0.394627, 4.500000),0.4471982,0.5,0.4333333,False
13:49:38.256,(-2.128874, -0.394627, 4.500000),0.4471982,0.5,0.4333333,False
13:49:38.268,(-2.128874, -0.407855, 4.500000),0.4822366,0.5,0.4222222,False
13:49:38.269,(-2.128874, -0.407855, 4.500000),0.4822366,0.5,0.4222222,False
13:49:38.284,(-2.128874, -0.421083, 4.500000),0.4822366,0.5,0.4222222,False
13:49:38.284,(-2.128874, -0.421083, 4.500000),0.4822366,0.5,0.4222222,False
13:49:38.300,(-2.128874, -0.434311, 4.500000),0.4822366,0.5,0.4222222,False
13:49:38.300,(-2.128874, -0.434311, 4.500000),0.4822366,0.5,0.4222222,False
13:49:38.323,(-2.142102, -0.447538, 4.500000),0.5739226,0.5111111,0.4166667,False
13:49:38.323,(-2.142102, -0.447538, 4.500000),0.5739226,0.5111111,0.4166667,False
13:49:38.343,(-2.155329, -0.467380, 4.500000),0.5993163,0.5241666,0.4222222,False
13:49:38.343,(-2.155329, -0.467380, 4.500000),0.5993163,0.5241666,0.4222222,False
13:49:38.359,(-2.195012, -0.480608, 4.500000),0.6171408,0.5241666,0.4222222,False
13:49:38.359,(-2.195012, -0.480608, 4.500000),0.6171408,0.5241666,0.4222222,False
13:49:38.372,(-2.247925, -0.493835, 4.500000),0.6236113,0.5358334,0.4222222,False
13:49:38.372,(-2.247925, -0.493835, 4.500000),0.6236113,0.5358334,0.4222222,False
13:49:38.388,(-2.267766, -0.500449, 4.500000),0.6236113,0.5358334,0.4222222,False
13:49:38.389,(-2.267766, -0.500449, 4.500000),0.6236113,0.5358334,0.4222222,False
13:49:38.401,(-2.333905, -0.507063, 4.500000),0.6695153,0.5388889,0.4277778,False
13:49:38.401,(-2.333905, -0.507063, 4.500000),0.6695153,0.5388889,0.4277778,False
13:49:38.424,(-2.380201, -0.513677, 4.500000),0.6695153,0.5388889,0.4277778,False
13:49:38.424,(-2.380201, -0.513677, 4.500000),0.6695153,0.5388889,0.4277778,False
13:49:38.447,(-2.452953, -0.526905, 4.500000),0.6878281,0.5388889,0.4277778,False
13:49:38.447,(-2.452953, -0.526905, 4.500000),0.6878281,0.5388889,0.4277778,False
13:49:38.462,(-2.545549, -0.533519, 4.500000),0.687706,0.5422222,0.4333333,False
13:49:38.462,(-2.545549, -0.533519, 4.500000),0.687706,0.5422222,0.4333333,False
13:49:38.474,(-2.591846, -0.526905, 4.500000),0.6875839,0.5422222,0.4333333,False
13:49:38.474,(-2.591846, -0.526905, 4.500000),0.6875839,0.5422222,0.4333333,False
13:49:38.488,(-2.631529, -0.526905, 4.500000),0.6857526,0.5286111,0.4333333,False
13:49:38.488,(-2.631529, -0.526905, 4.500000),0.6857526,0.5286111,0.4333333,False
13:49:38.504,(-2.671212, -0.520291, 4.500000),0.6857526,0.5286111,0.4333333,False
13:49:38.505,(-2.671212, -0.520291, 4.500000),0.6857526,0.5286111,0.4333333,False
13:49:38.532,(-2.704281, -0.513677, 4.500000),0.6885606,0.5141667,0.4333333,False
13:49:38.532,(-2.704281, -0.513677, 4.500000),0.6885606,0.5141667,0.4333333,False
13:49:38.553,(-2.757191, -0.493835, 4.500000),0.6892931,0.5141667,0.4333333,False
13:49:38.553,(-2.757191, -0.493835, 4.500000),0.6892931,0.5141667,0.4333333,False
13:49:38.570,(-2.790261, -0.460766, 4.500000),0.6892931,0.5141667,0.4333333,False
13:49:38.570,(-2.790261, -0.460766, 4.500000),0.6892931,0.5141667,0.4333333,False
13:49:38.582,(-2.790261, -0.440924, 4.500000),0.6892931,0.5141667,0.4333333,False
13:49:38.582,(-2.790261, -0.440924, 4.500000),0.6892931,0.5141667,0.4333333,False
13:49:38.598,(-2.790261, -0.414469, 4.500000),0.6916127,0.5,0.4333333,False
13:49:38.599,(-2.790261, -0.414469, 4.500000),0.6916127,0.5,0.4333333,False
13:49:38.613,(-2.783648, -0.381400, 4.500000),0.6916127,0.5,0.4333333,False
13:49:38.614,(-2.783648, -0.381400, 4.500000),0.6916127,0.5,0.4333333,False
13:49:38.636,(-2.777032, -0.361558, 4.500000),0.6967403,0.5,0.4333333,False
13:49:38.637,(-2.777032, -0.361558, 4.500000),0.6967403,0.5,0.4333333,False
13:49:39.008,(-2.770419, -0.341716, 4.500000),0,0,0.5,False
13:49:39.008,(-2.770419, -0.341716, 4.500000),0,0,0.5,False
13:49:39.028,(-2.333905, -0.196211, 4.500000),0,0,0.5,False
13:49:39.028,(-2.333905, -0.196211, 4.500000),0,0,0.5,False
13:49:39.040,(-2.333905, -0.196211, 4.500000),0,0,0.5,False
13:49:39.041,(-2.333905, -0.196211, 4.500000),0,0,0.5,False
13:49:39.062,(-2.333905, -0.196211, 4.500000),0,0,0.5,False
13:49:39.063,(-2.333905, -0.196211, 4.500000),0,0,0.5,False
13:49:39.078,(-2.340518, -0.196211, 4.500000),0,0.5,0.4944444,False
13:49:39.079,(-2.340518, -0.196211, 4.500000),0,0.5,0.4944444,False
13:49:39.102,(-2.347131, -0.196211, 4.500000),0,0.5,0.4888889,False
13:49:39.103,(-2.347131, -0.196211, 4.500000),0,0.5,0.4888889,False
13:49:39.127,(-2.360360, -0.182984, 4.500000),0.1382005,0.5,0.4777778,False
13:49:39.127,(-2.360360, -0.182984, 4.500000),0.1382005,0.5,0.4777778,False
13:49:39.142,(-2.386815, -0.149914, 4.500000),0.1400317,0.5,0.4722222,False
13:49:39.142,(-2.386815, -0.149914, 4.500000),0.1400317,0.5,0.4722222,False
13:49:39.154,(-2.406657, -0.130073, 4.500000),0.1910634,0.5,0.4666667,False
13:49:39.154,(-2.406657, -0.130073, 4.500000),0.1910634,0.5,0.4666667,False
13:49:39.171,(-2.419885, -0.103617, 4.500000),0.1910634,0.5,0.4666667,False
13:49:39.171,(-2.419885, -0.103617, 4.500000),0.1910634,0.5,0.4666667,False
13:49:39.183,(-2.446340, -0.077162, 4.500000),0.1910634,0.5,0.4666667,False
13:49:39.183,(-2.446340, -0.077162, 4.500000),0.1910634,0.5,0.4666667,False
13:49:39.204,(-2.466182, -0.063934, 4.500000),0.4896838,0.5175,0.4444444,False
13:49:39.205,(-2.466182, -0.063934, 4.500000),0.4896838,0.5175,0.4444444,False
13:49:39.225,(-2.479410, -0.050706, 4.500000),0.6617019,0.5130556,0.4277778,False
13:49:39.225,(-2.479410, -0.050706, 4.500000),0.6617019,0.5130556,0.4277778,False
13:49:39.239,(-2.499250, -0.037479, 4.500000),0.6617019,0.5130556,0.4277778,False
13:49:39.239,(-2.499250, -0.037479, 4.500000),0.6617019,0.5130556,0.4277778,False
13:49:39.251,(-2.499250, -0.044092, 4.500000),0.9100232,0.5119445,0.4222222,False
13:49:39.251,(-2.499250, -0.044092, 4.500000),0.9100232,0.5119445,0.4222222,False
13:49:39.269,(-2.512479, -0.050706, 4.500000),1,0.5111111,0.4166667,False
13:49:39.269,(-2.512479, -0.050706, 4.500000),1,0.5111111,0.4166667,False
13:49:39.286,(-2.519092, -0.063934, 4.500000),1,0.5111111,0.4166667,False
13:49:39.286,(-2.519092, -0.063934, 4.500000),1,0.5111111,0.4166667,False
13:49:39.308,(-2.525707, -0.077162, 4.500000),1,0.5111111,0.4166667,False
13:49:39.309,(-2.525707, -0.077162, 4.500000),1,0.5111111,0.4166667,False
13:49:39.328,(-2.532320, -0.110231, 4.500000),1,0.5111111,0.4166667,False
13:49:39.328,(-2.532320, -0.110231, 4.500000),1,0.5111111,0.4166667,False
13:49:39.342,(-2.538934, -0.143301, 4.500000),1,0.5105556,0.4111111,False
13:49:39.342,(-2.538934, -0.143301, 4.500000),1,0.5105556,0.4111111,False
13:49:39.352,(-2.545549, -0.169756, 4.500000),1,0.5105556,0.4111111,False
13:49:39.352,(-2.545549, -0.169756, 4.500000),1,0.5105556,0.4111111,False
13:49:39.370,(-2.552162, -0.182984, 4.500000),1,0.5097222,0.4055555,False
13:49:39.370,(-2.552162, -0.182984, 4.500000),1,0.5097222,0.4055555,False
13:49:39.390,(-2.552162, -0.202825, 4.500000),1,0.5097222,0.4055555,False
13:49:39.390,(-2.552162, -0.202825, 4.500000),1,0.5097222,0.4055555,False
13:49:39.407,(-2.565389, -0.222667, 4.500000),1,0.5097222,0.4055555,False
13:49:39.409,(-2.565389, -0.222667, 4.500000),1,0.5097222,0.4055555,False
13:49:39.426,(-2.565389, -0.222667, 4.500000),1,0.5097222,0.4055555,False
13:49:39.427,(-2.565389, -0.222667, 4.500000),1,0.5097222,0.4055555,False
13:49:40.949,(-2.565389, -0.222667, 4.500000),0,0.5,0.4944444,False
13:49:40.949,(-2.565389, -0.222667, 4.500000),0,0.5,0.4944444,False
13:49:40.964,(-2.565389, -0.222667, 4.500000),0,0,0.5,False
13:49:40.964,(-2.565389, -0.222667, 4.500000),0,0,0.5,False
13:49:40.980,(-2.565389, -0.222667, 4.500000),0,0,0.5,False
13:49:40.981,(-2.565389, -0.222667, 4.500000),0,0,0.5,False
