11:05:36.069,(-0.025665, 0.399037, 4.500000),0,0.5,0.4944444,True
11:05:36.092,(0.305030, -0.427697, 4.500000),0,0.5,0.4944444,True
11:05:36.105,(0.305030, -0.421083, 4.500000),0,0.5,0.4944444,True
11:05:36.120,(0.324871, -0.401241, 4.500000),0,0.5,0.4944444,True
11:05:36.133,(0.344711, -0.381400, 4.500000),0,0.5,0.4944444,True
11:05:36.158,(0.371168, -0.361558, 4.500000),0,0.5,0.4888889,True
11:05:36.179,(0.410850, -0.315261, 4.500000),1,0.5,0.4777778,True
11:05:36.193,(0.490217, -0.235895, 4.500000),1,0.5,0.4777778,True
11:05:36.206,(0.529900, -0.189597, 4.500000),1,0.4736111,0.4611111,True
11:05:36.221,(0.582812, -0.149914, 4.500000),1,0.4736111,0.4611111,True
11:05:36.235,(0.635722, -0.116845, 4.500000),1,0.4736111,0.4611111,True
11:05:36.254,(0.688634, -0.090390, 4.500000),1,0.465,0.4444444,True
11:05:36.273,(0.767999, -0.057320, 4.500000),1,0.4608333,0.4277778,True
11:05:36.288,(0.860594, -0.037479, 4.500000),1,0.4608333,0.4277778,True
11:05:36.301,(0.913505, -0.030865, 4.500000),1,0.4663889,0.4166667,True
11:05:36.319,(0.953188, -0.037479, 4.500000),1,0.4630556,0.4,True
11:05:36.337,(0.992872, -0.063934, 4.500000),1,0.4630556,0.4,True
11:05:36.358,(1.019326, -0.103617, 4.500000),1,0.4669445,0.3888889,True
11:05:36.375,(1.025940, -0.130073, 4.500000),1,0.4772222,0.3777778,True
11:05:36.392,(1.012713, -0.182984, 4.500000),1,0.4772222,0.3777778,True
11:05:36.408,(0.986256, -0.209439, 4.500000),1,0.4772222,0.3777778,True
11:05:36.428,(0.946575, -0.229281, 4.500000),1,0.4847222,0.3777778,True
11:05:36.440,(0.834138, -0.282192, 4.500000),1,0.4855556,0.3722222,True
11:05:36.461,(0.801069, -0.295419, 4.500000),1,0.4925,0.3722222,True
11:05:36.479,(0.695247, -0.328489, 4.500000),1,0.5,0.3777778,True
11:05:36.494,(0.582812, -0.354944, 4.500000),1,0.5,0.3777778,True
11:05:36.509,(0.476990, -0.374786, 4.500000),1,0.5,0.3833333,True
11:05:36.526,(0.397623, -0.394627, 4.500000),1,0.5,0.3833333,True
11:05:36.540,(0.324871, -0.407855, 4.500000),1,0.5,0.3833333,True
11:05:36.559,(0.252118, -0.421083, 4.500000),1,0.5,0.3888889,True
11:05:36.580,(0.152911, -0.434311, 4.500000),1,0.5,0.3888889,True
11:05:36.596,(0.040474, -0.447538, 4.500000),1,0.5,0.3888889,True
11:05:36.609,(0.007405, -0.454152, 4.500000),1,0.5,0.3888889,True
11:05:36.623,(-0.025665, -0.454152, 4.500000),1,0.5,0.3944444,True
11:05:36.639,(-0.045507, -0.454152, 4.500000),1,0.5,0.3944444,True
11:05:36.661,(-0.065348, -0.454152, 4.500000),1,0.5,0.3944444,True
11:05:37.083,(-0.078575, -0.447538, 4.500000),0,0.4838889,0.4388889,True
11:05:37.100,(0.410850, 0.597453, 4.500000),0,0.4838889,0.4388889,True
11:05:37.112,(0.410850, 0.597453, 4.500000),0,0.4838889,0.4388889,True
11:05:37.127,(0.410850, 0.597453, 4.500000),0,0.4838889,0.4388889,True
11:05:37.143,(0.417465, 0.557769, 4.500000),0,0.5,0.4555556,True
11:05:37.160,(0.424078, 0.498245, 4.500000),0,0.5,0.4444444,True
11:05:37.179,(0.430691, 0.425492, 4.500000),0.5151996,0.5,0.4333333,True
11:05:37.195,(0.437307, 0.306443, 4.500000),0.5151996,0.5,0.4333333,True
11:05:37.208,(0.443920, 0.187393, 4.500000),0.5151996,0.5,0.4333333,True
11:05:37.226,(0.443920, 0.108026, 4.500000),0.5151996,0.5,0.4333333,True
11:05:37.240,(0.443920, 0.035274, 4.500000),1,0.4891667,0.4111111,True
11:05:37.262,(0.437307, -0.024251, 4.500000),1,0.49,0.4055555,True
11:05:37.281,(0.430691, -0.097003, 4.500000),1,0.48,0.4055555,True
11:05:37.296,(0.424078, -0.169756, 4.500000),1,0.4822222,0.3944444,True
11:05:37.310,(0.424078, -0.189597, 4.500000),1,0.4822222,0.3944444,True
11:05:37.327,(0.417465, -0.202825, 4.500000),1,0.4838889,0.3833333,True
11:05:37.343,(0.417465, -0.209439, 4.500000),1,0.4761111,0.3833333,True
11:05:37.361,(0.410850, -0.222667, 4.500000),1,0.4761111,0.3833333,True
11:05:37.381,(0.410850, -0.222667, 4.500000),1,0.4761111,0.3833333,True
11:05:37.393,(0.410850, -0.235895, 4.500000),1,0.4736111,0.3944444,True
11:05:37.405,(0.410850, -0.235895, 4.500000),1,0.4630556,0.4,True
11:05:37.423,(0.410850, -0.235895, 4.500000),1,0.4630556,0.4,True
11:05:37.438,(0.410850, -0.235895, 4.500000),1,0.4630556,0.4,True
11:05:37.460,(0.410850, -0.235895, 4.500000),1,0.4608333,0.4055555,True
11:05:37.482,(0.404236, -0.235895, 4.500000),1,0.4608333,0.4055555,True
11:05:37.496,(0.397623, -0.235895, 4.500000),1,0.4608333,0.4055555,True
11:05:37.839,(0.397623, -0.235895, 4.500000),0,0.4736111,0.4277778,True
11:05:37.857,(0.688634, 0.160938, 4.500000),0,0.4736111,0.4277778,True
11:05:37.870,(0.662177, 0.180779, 4.500000),0,0.4736111,0.4277778,True
11:05:38.580,(0.648950, 0.187393, 4.500000),0,0.49,0.4055555,False
11:05:38.594,(0.648950, 0.187393, 4.500000),0,0.49,0.4055555,False
11:05:38.609,(0.648950, 0.187393, 4.500000),0,0.49,0.4055555,False
