15:24:39.813,(0.126454, -1.042786, 4.500000),0,0.5,0.4388889,True
15:24:39.814,(0.126454, -1.042786, 4.500000),0,0.5,0.4388889,True
15:24:39.840,(0.371168, -0.063934, 4.500000),0,0.5,0.4388889,True
15:24:39.841,(0.371168, -0.063934, 4.500000),0,0.5,0.4388889,True
15:24:39.853,(0.364553, -0.050706, 4.500000),0,0.5,0.4333333,True
15:24:39.853,(0.364553, -0.050706, 4.500000),0,0.5,0.4333333,True
15:24:39.879,(0.357940, -0.050706, 4.500000),0,0.5,0.4277778,True
15:24:39.879,(0.357940, -0.050706, 4.500000),0,0.5,0.4277778,True
15:24:39.902,(0.344711, -0.050706, 4.500000),0.09278476,0.5,0.4111111,True
15:24:39.902,(0.344711, -0.050706, 4.500000),0.09278476,0.5,0.4111111,True
15:24:39.916,(0.318256, -0.050706, 4.500000),0.09241851,0.5,0.4111111,True
15:24:39.916,(0.318256, -0.050706, 4.500000),0.09241851,0.5,0.4111111,True
15:24:39.930,(0.298414, -0.057320, 4.500000),0.09241851,0.5,0.4111111,True
15:24:39.931,(0.298414, -0.057320, 4.500000),0.09241851,0.5,0.4111111,True
15:24:39.958,(0.271959, -0.063934, 4.500000),0.09241851,0.5,0.4111111,True
15:24:39.958,(0.271959, -0.063934, 4.500000),0.09241851,0.5,0.4111111,True
15:24:39.975,(0.212434, -0.070548, 4.500000),0.09644732,0.5,0.3888889,True
15:24:39.975,(0.212434, -0.070548, 4.500000),0.09644732,0.5,0.3888889,True
15:24:39.999,(0.152911, -0.077162, 4.500000),0.09888902,0.5,0.3888889,True
15:24:40.000,(0.152911, -0.077162, 4.500000),0.09888902,0.5,0.3888889,True
15:24:40.021,(0.093386, -0.083776, 4.500000),0.1073129,0.5,0.3777778,True
15:24:40.021,(0.093386, -0.083776, 4.500000),0.1073129,0.5,0.3777778,True
15:24:40.037,(0.027247, -0.083776, 4.500000),0.1078012,0.5,0.3777778,True
15:24:40.038,(0.027247, -0.083776, 4.500000),0.1078012,0.5,0.3777778,True
15:24:40.056,(0.000790, -0.077162, 4.500000),0.1078012,0.5,0.3777778,True
15:24:40.057,(0.000790, -0.077162, 4.500000),0.1078012,0.5,0.3777778,True
15:24:40.080,(-0.025665, -0.063934, 4.500000),0.1351483,0.5,0.3722222,True
15:24:40.081,(-0.025665, -0.063934, 4.500000),0.1351483,0.5,0.3722222,True
15:24:40.098,(-0.038891, -0.044092, 4.500000),0.1529728,0.5,0.3722222,True
15:24:40.098,(-0.038891, -0.044092, 4.500000),0.1529728,0.5,0.3722222,True
15:24:40.119,(-0.038891, -0.017637, 4.500000),0.1599316,0.5,0.3722222,True
15:24:40.120,(-0.038891, -0.017637, 4.500000),0.1599316,0.5,0.3722222,True
15:24:40.141,(-0.038891, 0.002205, 4.500000),0.2481992,0.5,0.3722222,True
15:24:40.141,(-0.038891, 0.002205, 4.500000),0.2481992,0.5,0.3722222,True
15:24:40.161,(-0.025665, 0.041888, 4.500000),0.3224271,0.5,0.3722222,True
15:24:40.161,(-0.025665, 0.041888, 4.500000),0.3224271,0.5,0.3722222,True
15:24:40.180,(-0.005823, 0.074957, 4.500000),0.38115,0.5,0.3722222,True
15:24:40.180,(-0.005823, 0.074957, 4.500000),0.38115,0.5,0.3722222,True
15:24:40.200,(0.007405, 0.101413, 4.500000),0.38115,0.5,0.3722222,True
15:24:40.200,(0.007405, 0.101413, 4.500000),0.38115,0.5,0.3722222,True
15:24:40.219,(0.027247, 0.121254, 4.500000),0.544378,0.5,0.3722222,True
15:24:40.219,(0.027247, 0.121254, 4.500000),0.544378,0.5,0.3722222,True
15:24:40.246,(0.040474, 0.134482, 4.500000),0.5818582,0.5,0.3666667,True
15:24:40.247,(0.040474, 0.134482, 4.500000),0.5818582,0.5,0.3666667,True
15:24:40.267,(0.053702, 0.147710, 4.500000),0.5838115,0.5,0.3666667,True
15:24:40.267,(0.053702, 0.147710, 4.500000),0.5838115,0.5,0.3666667,True
15:24:40.286,(0.080157, 0.154324, 4.500000),0.5838115,0.5,0.3666667,True
15:24:40.286,(0.080157, 0.154324, 4.500000),0.5838115,0.5,0.3666667,True
15:24:40.305,(0.106612, 0.147710, 4.500000),0.5869857,0.5,0.3611111,True
15:24:40.306,(0.106612, 0.147710, 4.500000),0.5869857,0.5,0.3611111,True
15:24:40.328,(0.133069, 0.141096, 4.500000),0.5852765,0.5,0.3611111,True
15:24:40.329,(0.133069, 0.141096, 4.500000),0.5852765,0.5,0.3611111,True
15:24:40.342,(0.159524, 0.127868, 4.500000),0.5846661,0.5,0.3611111,True
15:24:40.342,(0.159524, 0.127868, 4.500000),0.5846661,0.5,0.3611111,True
15:24:40.374,(0.179366, 0.114640, 4.500000),0.5856428,0.5,0.3555556,True
15:24:40.374,(0.179366, 0.114640, 4.500000),0.5856428,0.5,0.3555556,True
15:24:40.395,(0.232276, 0.081571, 4.500000),0.5857649,0.5,0.3555556,True
15:24:40.395,(0.232276, 0.081571, 4.500000),0.5857649,0.5,0.3555556,True
15:24:40.411,(0.265346, 0.055116, 4.500000),0.5857649,0.5,0.3555556,True
15:24:40.412,(0.265346, 0.055116, 4.500000),0.5857649,0.5,0.3555556,True
15:24:40.425,(0.285188, 0.035274, 4.500000),0.5857649,0.5,0.3555556,True
15:24:40.426,(0.285188, 0.035274, 4.500000),0.5857649,0.5,0.3555556,True
15:24:40.452,(0.305030, 0.022046, 4.500000),0.585887,0.5,0.3555556,True
15:24:40.453,(0.305030, 0.022046, 4.500000),0.585887,0.5,0.3555556,True
15:24:40.473,(0.324871, -0.011023, 4.500000),0.585887,0.5,0.3555556,True
15:24:40.473,(0.324871, -0.011023, 4.500000),0.585887,0.5,0.3555556,True
15:24:40.497,(0.344711, -0.024251, 4.500000),0.585887,0.5,0.3555556,True
15:24:40.497,(0.344711, -0.024251, 4.500000),0.585887,0.5,0.3555556,True
15:24:40.516,(0.357940, -0.050706, 4.500000),0.585887,0.5,0.3555556,True
15:24:40.516,(0.357940, -0.050706, 4.500000),0.585887,0.5,0.3555556,True
15:24:40.538,(0.371168, -0.077162, 4.500000),0.5834453,0.5,0.3555556,True
15:24:40.538,(0.371168, -0.077162, 4.500000),0.5834453,0.5,0.3555556,True
15:24:40.550,(0.371168, -0.097003, 4.500000),0.5834453,0.5,0.3555556,True
15:24:40.550,(0.371168, -0.097003, 4.500000),0.5834453,0.5,0.3555556,True
15:24:40.578,(0.371168, -0.103617, 4.500000),0.5839336,0.5,0.3555556,True
15:24:40.579,(0.371168, -0.103617, 4.500000),0.5839336,0.5,0.3555556,True
15:24:40.590,(0.384395, -0.130073, 4.500000),0.583079,0.5,0.3611111,True
15:24:40.591,(0.384395, -0.130073, 4.500000),0.583079,0.5,0.3611111,True
15:24:40.618,(0.384395, -0.149914, 4.500000),0.5834453,0.5,0.3611111,True
15:24:40.618,(0.384395, -0.149914, 4.500000),0.5834453,0.5,0.3611111,True
15:24:40.639,(0.384395, -0.169756, 4.500000),0.5851544,0.5,0.3611111,True
15:24:40.639,(0.384395, -0.169756, 4.500000),0.5851544,0.5,0.3611111,True
15:24:40.657,(0.384395, -0.209439, 4.500000),0.5851544,0.5,0.3611111,True
15:24:40.657,(0.384395, -0.209439, 4.500000),0.5851544,0.5,0.3611111,True
15:24:40.672,(0.371168, -0.229281, 4.500000),0.5857649,0.5,0.3611111,True
15:24:40.672,(0.371168, -0.229281, 4.500000),0.5857649,0.5,0.3611111,True
15:24:40.697,(0.371168, -0.242509, 4.500000),0.5869857,0.5,0.3611111,True
15:24:40.697,(0.371168, -0.242509, 4.500000),0.5866194,0.5,0.3611111,True
15:24:40.713,(0.344711, -0.268964, 4.500000),0.5895495,0.5,0.3611111,True
15:24:40.713,(0.344711, -0.268964, 4.500000),0.5895495,0.5,0.3611111,True
15:24:40.743,(0.331485, -0.282192, 4.500000),0.5912587,0.5,0.3611111,True
15:24:40.744,(0.331485, -0.282192, 4.500000),0.5912587,0.5,0.3611111,True
15:24:40.763,(0.298414, -0.315261, 4.500000),0.5958979,0.5,0.3611111,True
15:24:40.764,(0.298414, -0.315261, 4.500000),0.5958979,0.5,0.3611111,True
15:24:40.779,(0.252118, -0.341716, 4.500000),0.6007813,0.5,0.3611111,True
15:24:40.780,(0.252118, -0.341716, 4.500000),0.6007813,0.5,0.3611111,True
15:24:40.795,(0.225663, -0.354944, 4.500000),0.6079844,0.5,0.3611111,True
15:24:40.797,(0.225663, -0.354944, 4.500000),0.6079844,0.5,0.3611111,True
15:24:40.818,(0.185979, -0.374786, 4.500000),0.6134782,0.5,0.3611111,True
15:24:40.819,(0.185979, -0.374786, 4.500000),0.6134782,0.5,0.3611111,True
15:24:40.837,(0.146296, -0.394627, 4.500000),0.6146991,0.5,0.3611111,True
15:24:40.837,(0.146296, -0.394627, 4.500000),0.6146991,0.5,0.3611111,True
15:24:40.864,(0.093386, -0.407855, 4.500000),0.6142107,0.5,0.3666667,True
15:24:40.864,(0.093386, -0.407855, 4.500000),0.6142107,0.5,0.3666667,True
15:24:40.884,(0.040474, -0.427697, 4.500000),0.6148211,0.5,0.3666667,True
15:24:40.884,(0.040474, -0.427697, 4.500000),0.6148211,0.5,0.3666667,True
15:24:40.900,(-0.038891, -0.447538, 4.500000),0.6155537,0.5,0.3666667,True
15:24:40.900,(-0.038891, -0.447538, 4.500000),0.6155537,0.5,0.3666667,True
15:24:40.919,(-0.078575, -0.454152, 4.500000),0.6144549,0.5,0.3722222,True
15:24:40.919,(-0.078575, -0.454152, 4.500000),0.6144549,0.5,0.3722222,True
15:24:40.943,(-0.151329, -0.467380, 4.500000),0.6144549,0.5,0.3722222,True
15:24:40.944,(-0.151329, -0.467380, 4.500000),0.6144549,0.5,0.3722222,True
15:24:40.962,(-0.250535, -0.473994, 4.500000),0.6144549,0.5,0.3722222,True
15:24:40.962,(-0.250535, -0.473994, 4.500000),0.6144549,0.5,0.3722222,True
15:24:40.987,(-0.336516, -0.480608, 4.500000),0.614577,0.5,0.3777778,True
15:24:40.988,(-0.336516, -0.480608, 4.500000),0.614577,0.5,0.3777778,True
15:24:41.008,(-0.422496, -0.480608, 4.500000),0.6150653,0.5,0.3777778,True
15:24:41.008,(-0.422496, -0.480608, 4.500000),0.6150653,0.5,0.3777778,True
15:24:41.025,(-0.548160, -0.480608, 4.500000),0.6162862,0.5,0.3777778,True
15:24:41.026,(-0.548160, -0.480608, 4.500000),0.6162862,0.5,0.3777778,True
15:24:41.045,(-0.614298, -0.480608, 4.500000),0.6150653,0.5,0.3833333,True
15:24:41.045,(-0.614298, -0.480608, 4.500000),0.6150653,0.5,0.3833333,True
15:24:41.068,(-0.706893, -0.473994, 4.500000),0.6172628,0.5,0.3833333,True
15:24:41.068,(-0.706893, -0.473994, 4.500000),0.6172628,0.5,0.3833333,True
15:24:41.085,(-0.825942, -0.454152, 4.500000),0.6164082,0.5,0.3833333,True
15:24:41.085,(-0.825942, -0.454152, 4.500000),0.6164082,0.5,0.3833333,True
15:24:41.112,(-0.885467, -0.447538, 4.500000),0.6200708,0.5,0.3833333,True
15:24:41.113,(-0.885467, -0.447538, 4.500000),0.6200708,0.5,0.3833333,True
15:24:41.134,(-0.997903, -0.407855, 4.500000),0.6216579,0.5,0.3833333,True
15:24:41.135,(-0.997903, -0.407855, 4.500000),0.6216579,0.5,0.3833333,True
15:24:41.153,(-1.097111, -0.354944, 4.500000),0.6216579,0.5,0.3833333,True
15:24:41.153,(-1.097111, -0.354944, 4.500000),0.6216579,0.5,0.3833333,True
15:24:41.165,(-1.150021, -0.321875, 4.500000),0.6382615,0.5,0.3833333,True
15:24:41.166,(-1.150021, -0.321875, 4.500000),0.6382615,0.5,0.3833333,True
15:24:41.192,(-1.189705, -0.275578, 4.500000),0.7912343,0.5,0.3833333,True
15:24:41.192,(-1.189705, -0.275578, 4.500000),0.7912343,0.5,0.3833333,True
15:24:41.207,(-1.255843, -0.149914, 4.500000),0.951288,0.5,0.3833333,True
15:24:41.208,(-1.255843, -0.149914, 4.500000),0.951288,0.5,0.3833333,True
15:24:41.734,(-1.282300, -0.037479, 4.500000),0,0.5,0.4166667,True
15:24:41.734,(-1.282300, -0.037479, 4.500000),0,0.5,0.4166667,True
15:24:41.751,(-0.118258, 0.392423, 4.500000),0,0.5,0.4166667,True
15:24:41.751,(-0.118258, 0.392423, 4.500000),0,0.5,0.4166667,True
15:24:42.894,(-0.124874, 0.399037, 4.500000),0,0.5,0.4,True
15:24:42.894,(-0.124874, 0.399037, 4.500000),0,0.5,0.4,True
15:24:42.912,(-0.124874, 0.399037, 4.500000),0,0,0.5,True
15:24:42.912,(-0.124874, 0.399037, 4.500000),0,0,0.5,True
15:24:42.933,(-0.124874, 0.399037, 4.500000),0,0,0.5,True
15:24:42.934,(-0.124874, 0.399037, 4.500000),0,0,0.5,True
