15:11:21.013,(0.073544, -0.897281, 4.500000),0,0.5,0.4611111,True
15:11:21.033,(0.172751, -0.130073, 4.500000),0,0.5,0.4611111,True
15:11:21.056,(0.172751, -0.123459, 4.500000),0,0.5,0.4611111,True
15:11:21.069,(0.172751, -0.116845, 4.500000),0,0.5,0.4611111,True
15:11:21.096,(0.172751, -0.116845, 4.500000),0,0.5,0.45,True
15:11:21.113,(0.159524, -0.130073, 4.500000),0.34953,0.5,0.4388889,True
15:11:21.138,(0.152911, -0.136687, 4.500000),0.3389086,0.5,0.4277778,True
15:11:21.159,(0.119841, -0.143301, 4.500000),0.3413503,0.5,0.4166667,True
15:11:21.178,(0.080157, -0.149914, 4.500000),0.3489195,0.5,0.4055555,True
15:11:21.194,(0.040474, -0.156528, 4.500000),0.3525821,0.5,0.4,True
15:11:21.220,(0.000790, -0.149914, 4.500000),0.3967769,0.5,0.3833333,True
15:11:21.235,(-0.038891, -0.143301, 4.500000),0.4170431,0.5,0.3777778,True
15:11:21.264,(-0.065348, -0.130073, 4.500000),0.4583079,0.5,0.3722222,True
15:11:21.285,(-0.091803, -0.116845, 4.500000),0.507142,0.5,0.3666667,True
15:11:21.302,(-0.105032, -0.097003, 4.500000),0.5432792,0.5,0.3666667,True
15:11:21.317,(-0.105032, -0.077162, 4.500000),0.5862532,0.5,0.3666667,True
15:11:21.341,(-0.105032, -0.057320, 4.500000),0.7773166,0.5,0.3666667,True
15:11:21.360,(-0.091803, -0.024251, 4.500000),1,0.5,0.3666667,True
15:11:21.388,(-0.078575, 0.002205, 4.500000),1,0.5,0.3666667,True
15:11:21.410,(-0.065348, 0.022046, 4.500000),1,0.5,0.3666667,True
15:11:21.427,(-0.052120, 0.035274, 4.500000),1,0.5,0.3666667,True
15:11:21.442,(-0.038891, 0.041888, 4.500000),1,0.5,0.3666667,True
15:11:21.466,(-0.032278, 0.041888, 4.500000),1,0.5,0.3722222,True
15:11:21.482,(-0.005823, 0.028660, 4.500000),1,0.5,0.3722222,True
15:11:21.510,(0.014019, 0.022046, 4.500000),1,0.5,0.3722222,True
15:11:21.530,(0.053702, -0.004409, 4.500000),1,0.5,0.3722222,True
15:11:21.554,(0.093386, -0.024251, 4.500000),1,0.5,0.3722222,True
15:11:21.569,(0.126454, -0.063934, 4.500000),1,0.5,0.3722222,True
15:11:21.594,(0.146296, -0.090390, 4.500000),1,0.5,0.3722222,True
15:11:21.609,(0.172751, -0.130073, 4.500000),1,0.5,0.3722222,True
15:11:21.636,(0.179366, -0.149914, 4.500000),1,0.5,0.3722222,True
15:11:21.655,(0.185979, -0.196211, 4.500000),1,0.5,0.3722222,True
15:11:21.672,(0.185979, -0.222667, 4.500000),1,0.5,0.3722222,True
15:11:21.690,(0.179366, -0.255736, 4.500000),1,0.5,0.3722222,True
15:11:21.712,(0.159524, -0.288806, 4.500000),1,0.5,0.3722222,True
15:11:21.732,(0.133069, -0.321875, 4.500000),1,0.5,0.3722222,True
15:11:21.756,(0.093386, -0.354944, 4.500000),1,0.5,0.3722222,True
15:11:21.776,(0.047089, -0.394627, 4.500000),1,0.5,0.3722222,True
15:11:21.792,(-0.032278, -0.440924, 4.500000),1,0.5,0.3722222,True
15:11:21.809,(-0.078575, -0.460766, 4.500000),1,0.5,0.3722222,True
15:11:21.834,(-0.131487, -0.487221, 4.500000),1,0.5,0.3722222,True
15:11:21.851,(-0.250535, -0.520291, 4.500000),1,0.5,0.3722222,True
15:11:21.878,(-0.343131, -0.540133, 4.500000),1,0.5,0.3777778,True
15:11:21.900,(-0.442338, -0.553360, 4.500000),1,0.5,0.3777778,True
15:11:21.917,(-0.594456, -0.566588, 4.500000),1,0.5,0.3777778,True
15:11:21.933,(-0.713507, -0.566588, 4.500000),1,0.5,0.3777778,True
15:11:21.959,(-0.832557, -0.546746, 4.500000),1,0.5,0.3777778,True
15:11:21.976,(-0.951606, -0.520291, 4.500000),1,0.5,0.3777778,True
15:11:22.003,(-1.064041, -0.473994, 4.500000),1,0.5,0.3777778,True
15:11:22.033,(-1.163250, -0.401241, 4.500000),1,0.5,0.3777778,True
15:11:22.051,(-1.302140, -0.249122, 4.500000),1,0.5,0.3777778,True
15:11:22.070,(-1.348439, -0.143301, 4.500000),1,0.5,0.3777778,True
15:11:22.495,(-1.368280, -0.037479, 4.500000),0,0.5,0.3833333,True
15:11:22.511,(-0.230694, 0.213848, 4.500000),0,0.5,0.3888889,True
15:11:22.538,(-0.250535, 0.213848, 4.500000),0,0.5,0.4055555,True
15:11:23.465,(-0.250535, 0.207235, 4.500000),0,0,0.5,False
15:11:23.485,(-0.250535, 0.207235, 4.500000),0,0,0.5,False
15:11:23.504,(-0.250535, 0.207235, 4.500000),0,0,0.5,False
