11:50:16.219,(-1.467487, -1.280885, 4.500000),0,0,0.5,False
11:50:16.240,(-0.541546, -0.321875, 4.500000),0,0,0.5,False
11:50:16.253,(-0.534933, -0.315261, 4.500000),0,0,0.5,False
11:50:16.281,(-0.528318, -0.335103, 4.500000),0,0,0.5,False
11:50:16.301,(-0.515091, -0.388014, 4.500000),1,0.5,0.4888889,False
11:50:16.318,(-0.501863, -0.460766, 4.500000),1,0.5,0.4888889,False
11:50:16.329,(-0.501863, -0.487221, 4.500000),1,0.5,0.4777778,False
11:50:16.353,(-0.508476, -0.493835, 4.500000),1,0.5,0.4611111,False
11:50:16.368,(-0.534933, -0.500449, 4.500000),1,0.5,0.4611111,False
11:50:16.396,(-0.561388, -0.487221, 4.500000),1,0.5,0.4444444,False
11:50:16.418,(-0.620913, -0.454152, 4.500000),1,0.5,0.4444444,False
11:50:16.432,(-0.660597, -0.414469, 4.500000),1,0.5,0.4444444,False
11:50:16.445,(-0.673823, -0.401241, 4.500000),1,0.5,0.4277778,False
11:50:16.470,(-0.680437, -0.388014, 4.500000),1,0.5,0.4166667,False
11:50:16.487,(-0.687052, -0.381400, 4.500000),1,0.5,0.4055555,False
11:50:16.513,(-0.687052, -0.388014, 4.500000),1,0.5097222,0.4055555,False
11:50:16.535,(-0.693665, -0.421083, 4.500000),1,0.5097222,0.4055555,False
11:50:16.552,(-0.726735, -0.454152, 4.500000),1,0.5097222,0.4055555,False
11:50:16.562,(-0.753190, -0.460766, 4.500000),1,0.5097222,0.4055555,False
11:50:16.589,(-0.766417, -0.467380, 4.500000),1,0.5197222,0.4055555,False
11:50:16.603,(-0.839171, -0.454152, 4.500000),1,0.5197222,0.4055555,False
11:50:16.632,(-0.892081, -0.427697, 4.500000),1,0.5197222,0.4055555,False
11:50:16.653,(-0.925151, -0.394627, 4.500000),1,0.5197222,0.4055555,False
11:50:16.667,(-0.951606, -0.368172, 4.500000),1,0.5197222,0.4055555,False
11:50:16.682,(-0.964834, -0.354944, 4.500000),1,0.5197222,0.4055555,False
11:50:16.703,(-0.964834, -0.354944, 4.500000),1,0.5197222,0.4055555,False
11:50:16.717,(-0.964834, -0.354944, 4.500000),1,0.5197222,0.4055555,False
11:50:16.747,(-0.964834, -0.354944, 4.500000),1,0.5097222,0.4055555,False
11:50:16.769,(-0.964834, -0.354944, 4.500000),1,0.5097222,0.4055555,False
11:50:16.782,(-0.964834, -0.354944, 4.500000),1,0.5097222,0.4055555,False
11:50:16.797,(-0.964834, -0.354944, 4.500000),1,0.5,0.4111111,False
11:50:16.822,(-0.964834, -0.354944, 4.500000),1,0.5,0.4111111,False
11:50:16.838,(-0.964834, -0.348330, 4.500000),1,0.5,0.4111111,False
11:50:16.862,(-0.964834, -0.348330, 4.500000),1,0.5,0.4111111,False
11:50:16.882,(-0.964834, -0.348330, 4.500000),1,0.5,0.4111111,False
11:50:16.897,(-0.964834, -0.348330, 4.500000),1,0.5,0.4111111,False
11:50:16.911,(-0.964834, -0.348330, 4.500000),1,0.5,0.4111111,False
11:50:16.935,(-0.964834, -0.348330, 4.500000),1,0.5,0.4055555,False
11:50:16.950,(-0.964834, -0.348330, 4.500000),1,0.5,0.4055555,False
11:50:16.977,(-0.964834, -0.348330, 4.500000),1,0.5,0.4055555,False
11:50:16.997,(-0.964834, -0.348330, 4.500000),1,0.5,0.4055555,False
11:50:17.013,(-0.964834, -0.348330, 4.500000),1,0.5,0.4055555,False
11:50:17.028,(-0.964834, -0.348330, 4.500000),1,0.5,0.4055555,False
11:50:17.053,(-0.964834, -0.348330, 4.500000),1,0.5,0.4055555,False
11:50:17.068,(-0.964834, -0.348330, 4.500000),1,0.5,0.4055555,False
11:50:17.097,(-0.964834, -0.348330, 4.500000),1,0.5,0.4055555,False
11:50:17.118,(-0.964834, -0.368172, 4.500000),1,0.5,0.4055555,False
11:50:17.133,(-0.964834, -0.407855, 4.500000),1,0.5,0.4055555,False
11:50:17.146,(-0.958219, -0.434311, 4.500000),1,0.5,0.4055555,False
11:50:17.172,(-0.951606, -0.467380, 4.500000),1,0.5,0.4055555,False
11:50:17.189,(-0.938379, -0.546746, 4.500000),1,0.5,0.4055555,False
11:50:17.214,(-0.931764, -0.606271, 4.500000),1,0.5,0.4111111,False
11:50:17.235,(-0.925151, -0.665796, 4.500000),1,0.5,0.4111111,False
11:50:17.248,(-0.931764, -0.725321, 4.500000),1,0.5,0.4111111,False
11:50:17.263,(-0.958219, -0.778232, 4.500000),1,0.5,0.4111111,False
11:50:17.288,(-0.991289, -0.811301, 4.500000),1,0.5,0.4111111,False
11:50:17.305,(-1.123566, -0.870826, 4.500000),1,0.5,0.4166667,False
11:50:17.329,(-1.216161, -0.897281, 4.500000),1,0.5,0.4166667,False
11:50:17.349,(-1.361665, -0.903895, 4.500000),1,0.5,0.4222222,False
11:50:17.365,(-1.540241, -0.877440, 4.500000),1,0.5,0.4277778,False
11:50:17.384,(-1.606379, -0.844370, 4.500000),1,0.5,0.4277778,False
11:50:17.407,(-1.685744, -0.784845, 4.500000),1,0.5,0.4277778,False
11:50:17.421,(-1.732043, -0.685638, 4.500000),1,0.5,0.4277778,False
11:50:17.448,(-1.738656, -0.632727, 4.500000),1,0.5,0.4333333,False
11:50:17.470,(-1.705586, -0.540133, 4.500000),1,0.5,0.4333333,False
11:50:17.486,(-1.652676, -0.480608, 4.500000),1,0.5,0.4333333,False
11:50:17.501,(-1.586538, -0.434311, 4.500000),1,0.5,0.4388889,False
11:50:17.524,(-1.540241, -0.407855, 4.500000),1,0.5,0.4388889,False
11:50:17.539,(-1.493942, -0.388014, 4.500000),1,0.5,0.4388889,False
11:50:17.912,(-1.454260, -0.368172, 4.500000),0,0,0.5,False
11:50:17.927,(-0.753190, -0.077162, 4.500000),0,0,0.5,False
11:50:18.097,(-0.753190, -0.057320, 4.500000),0,0.5141667,0.4333333,False
11:50:18.117,(-0.964834, -0.097003, 4.500000),0,0.5141667,0.4333333,False
11:50:18.143,(-0.964834, -0.103617, 4.500000),0,0.5141667,0.4333333,False
11:50:18.294,(-0.964834, -0.090390, 4.500000),0,0.5,0.45,False
11:50:18.318,(-0.892080, 0.055116, 4.500000),0,0.5313889,0.4388889,False
11:50:19.166,(-0.885467, 0.068343, 4.500000),0,0.5388889,0.4277778,False
11:50:19.183,(-0.885467, 0.068343, 4.500000),0,0.5388889,0.4277778,False
