15:19:52.023,(0.099999, 0.260145, 4.500000),0,0.5,0.4055555,False
15:19:52.023,(0.099999, 0.260145, 4.500000),0,0.5,0.4055555,False
15:19:52.048,(-0.620913, 0.213848, 4.500000),0,0.5,0.3944444,False
15:19:52.049,(-0.620913, 0.213848, 4.500000),0,0.5,0.3944444,False
15:19:52.069,(-0.607685, 0.227076, 4.500000),0,0.5,0.3888889,False
15:19:52.069,(-0.607685, 0.227076, 4.500000),0,0.5,0.3888889,False
15:19:52.085,(-0.581230, 0.240304, 4.500000),0,0.5,0.3833333,False
15:19:52.086,(-0.581230, 0.240304, 4.500000),0,0.5,0.3833333,False
15:19:52.099,(-0.554775, 0.253532, 4.500000),0,0.5,0.3833333,False
15:19:52.100,(-0.554775, 0.253532, 4.500000),0,0.5,0.3833333,False
15:19:52.122,(-0.541546, 0.266759, 4.500000),0.03442803,0.5,0.3722222,False
15:19:52.122,(-0.541546, 0.266759, 4.500000),0.03442803,0.5,0.3722222,False
15:19:52.139,(-0.515091, 0.293215, 4.500000),0.03772433,0.5,0.3666667,False
15:19:52.139,(-0.515091, 0.293215, 4.500000),0.03772433,0.5,0.3666667,False
15:19:52.170,(-0.482021, 0.306443, 4.500000),0.04810157,0.5,0.3611111,False
15:19:52.170,(-0.482021, 0.306443, 4.500000),0.04810157,0.5,0.3611111,False
15:19:52.191,(-0.435724, 0.326284, 4.500000),0.06482725,0.5,0.3555556,False
15:19:52.191,(-0.435724, 0.326284, 4.500000),0.06482725,0.5,0.3555556,False
15:19:52.209,(-0.382814, 0.332898, 4.500000),0.07080942,0.5,0.3555556,False
15:19:52.209,(-0.382814, 0.332898, 4.500000),0.07080942,0.5,0.3555556,False
15:19:52.225,(-0.356357, 0.319670, 4.500000),0.07080942,0.5,0.3555556,False
15:19:52.225,(-0.356357, 0.319670, 4.500000),0.07080942,0.5,0.3555556,False
15:19:52.242,(-0.316674, 0.306443, 4.500000),0.07825662,0.5,0.35,False
15:19:52.243,(-0.316674, 0.306443, 4.500000),0.07825662,0.5,0.35,False
15:19:52.265,(-0.283606, 0.293215, 4.500000),0.07825662,0.5,0.35,False
15:19:52.265,(-0.283606, 0.293215, 4.500000),0.07825662,0.5,0.35,False
15:19:52.292,(-0.204239, 0.260145, 4.500000),0.0800879,0.5,0.35,False
15:19:52.292,(-0.204239, 0.260145, 4.500000),0.0800879,0.5,0.35,False
15:19:52.311,(-0.138100, 0.240304, 4.500000),0.07996581,0.5,0.3444445,False
15:19:52.312,(-0.138100, 0.240304, 4.500000),0.07996581,0.5,0.3444445,False
15:19:52.326,(-0.045507, 0.227076, 4.500000),0.08130875,0.5,0.3388889,False
15:19:52.326,(-0.045507, 0.227076, 4.500000),0.08130875,0.5,0.3388889,False
15:19:52.345,(0.000790, 0.227076, 4.500000),0.08179709,0.5,0.3388889,False
15:19:52.345,(0.000790, 0.227076, 4.500000),0.08179709,0.5,0.3388889,False
15:19:52.370,(0.066929, 0.233690, 4.500000),0.08179709,0.5,0.3388889,False
15:19:52.370,(0.066929, 0.233690, 4.500000),0.08179709,0.5,0.3388889,False
15:19:52.527,(0.126454, 0.240304, 4.500000),0,0.5,0.35,False
15:19:52.528,(0.126454, 0.240304, 4.500000),0,0.5,0.35,False
15:19:52.553,(0.199208, 0.220462, 4.500000),0,0.5,0.35,False
15:19:52.554,(0.199208, 0.220462, 4.500000),0,0.5,0.35,False
15:19:52.578,(0.185979, 0.213848, 4.500000),0,0.5,0.3555556,False
15:19:52.578,(0.185979, 0.213848, 4.500000),0,0.5,0.3555556,False
15:19:52.593,(0.146296, 0.213848, 4.500000),0,0.5,0.3555556,False
15:19:52.594,(0.146296, 0.213848, 4.500000),0,0.5,0.3555556,False
15:19:52.607,(0.119841, 0.213848, 4.500000),0,0.5,0.3555556,False
15:19:52.608,(0.119841, 0.213848, 4.500000),0,0.5,0.3555556,False
15:19:52.632,(0.093386, 0.207235, 4.500000),0.08948846,0.5,0.3555556,False
15:19:52.632,(0.093386, 0.207235, 4.500000),0.08948846,0.5,0.3555556,False
15:19:52.648,(0.027247, 0.194007, 4.500000),0.08948846,0.5,0.3555556,False
15:19:52.648,(0.027247, 0.194007, 4.500000),0.08948846,0.5,0.3555556,False
15:19:52.674,(-0.012436, 0.180779, 4.500000),0.08558173,0.5,0.3555556,False
15:19:52.674,(-0.012436, 0.180779, 4.500000),0.08558173,0.5,0.3555556,False
15:19:52.698,(-0.118258, 0.147710, 4.500000),0.08838969,0.5,0.3611111,False
15:19:52.698,(-0.118258, 0.147710, 4.500000),0.08838969,0.5,0.3611111,False
15:19:52.714,(-0.237309, 0.094799, 4.500000),0.09400561,0.5,0.3555556,False
15:19:52.714,(-0.237309, 0.094799, 4.500000),0.09400561,0.5,0.3555556,False
15:19:52.730,(-0.290219, 0.068343, 4.500000),0.0932731,0.5,0.3555556,False
15:19:52.730,(-0.290219, 0.068343, 4.500000),0.0932731,0.5,0.3555556,False
15:19:52.758,(-0.349744, 0.035274, 4.500000),0.09461604,0.5,0.3555556,False
15:19:52.758,(-0.349744, 0.035274, 4.500000),0.09461604,0.5,0.3555556,False
15:19:52.774,(-0.495250, -0.063934, 4.500000),0.09461604,0.5,0.3555556,False
15:19:52.775,(-0.495250, -0.063934, 4.500000),0.09461604,0.5,0.3555556,False
15:19:52.796,(-0.554775, -0.116845, 4.500000),0.1051154,0.5,0.35,False
15:19:52.797,(-0.554775, -0.116845, 4.500000),0.1051154,0.5,0.35,False
15:19:52.815,(-0.640755, -0.202825, 4.500000),0.1062141,0.5,0.35,False
15:19:52.815,(-0.640755, -0.202825, 4.500000),0.1062141,0.5,0.35,False
15:19:52.839,(-0.726735, -0.302033, 4.500000),0.1076792,0.5,0.35,False
15:19:52.840,(-0.726735, -0.302033, 4.500000),0.1076792,0.5,0.35,False
15:19:52.858,(-0.819329, -0.434311, 4.500000),0.1076792,0.5,0.35,False
15:19:52.858,(-0.819329, -0.434311, 4.500000),0.1076792,0.5,0.35,False
15:19:52.878,(-0.872239, -0.540133, 4.500000),0.1120742,0.5,0.35,False
15:19:52.878,(-0.872239, -0.540133, 4.500000),0.1120742,0.5,0.35,False
15:19:52.898,(-0.918537, -0.652568, 4.500000),0.1112196,0.5,0.35,False
15:19:52.898,(-0.918537, -0.652568, 4.500000),0.1112196,0.5,0.35,False
15:19:52.926,(-0.951606, -0.765004, 4.500000),0.116103,0.5,0.35,False
15:19:52.926,(-0.951606, -0.765004, 4.500000),0.116103,0.5,0.35,False
15:19:52.947,(-0.951606, -0.870826, 4.500000),0.1213527,0.5,0.3555556,False
15:19:52.947,(-0.951606, -0.870826, 4.500000),0.1213527,0.5,0.3555556,False
15:19:52.962,(-0.918537, -0.989875, 4.500000),0.1213527,0.5,0.3555556,False
15:19:52.963,(-0.918537, -0.989875, 4.500000),0.1213527,0.5,0.3555556,False
15:19:52.979,(-0.878854, -1.042786, 4.500000),0.1213527,0.5,0.3555556,False
15:19:52.980,(-0.878854, -1.042786, 4.500000),0.1213527,0.5,0.3555556,False
15:19:53.002,(-0.806100, -1.122153, 4.500000),0.126114,0.5,0.3666667,False
15:19:53.003,(-0.806100, -1.122153, 4.500000),0.126114,0.5,0.3666667,False
15:19:53.019,(-0.660597, -1.194905, 4.500000),0.126114,0.5,0.3666667,False
15:19:53.019,(-0.660597, -1.194905, 4.500000),0.126114,0.5,0.3666667,False
15:19:53.049,(-0.574617, -1.214747, 4.500000),0.1445489,0.5,0.3666667,False
15:19:53.049,(-0.574617, -1.214747, 4.500000),0.1445489,0.5,0.3666667,False
15:19:53.072,(-0.356357, -1.214747, 4.500000),0.1928946,0.5,0.3722222,False
15:19:53.072,(-0.356357, -1.214747, 4.500000),0.1928946,0.5,0.3722222,False
15:19:53.086,(-0.118258, -1.141994, 4.500000),0.1928946,0.5,0.3722222,False
15:19:53.086,(-0.118258, -1.141994, 4.500000),0.1928946,0.5,0.3722222,False
15:19:54.107,(0.000790, -1.089083, 4.500000),0,0,0.5,False
15:19:54.107,(0.000790, -1.089083, 4.500000),0,0,0.5,False
15:19:54.123,(0.000790, -1.089083, 4.500000),0,0,0.5,False
15:19:54.123,(0.000790, -1.089083, 4.500000),0,0,0.5,False
