14:05:45.755,(-1.606379, -0.817915, 4.500000),0,0,0.5,True
14:05:45.756,(-1.606379, -0.817915, 4.500000),0,0,0.5,True
14:05:45.779,(-1.877547, -0.295420, 4.500000),0,0,0.5,True
14:05:45.780,(-1.877547, -0.295420, 4.500000),0,0,0.5,True
14:05:45.792,(-1.877547, -0.302033, 4.500000),0,0,0.5,True
14:05:45.792,(-1.877547, -0.302033, 4.500000),0,0,0.5,True
14:05:45.813,(-1.877547, -0.302033, 4.500000),0,0,0.5,True
14:05:45.813,(-1.877547, -0.302033, 4.500000),0,0,0.5,True
14:05:45.835,(-1.884162, -0.315261, 4.500000),0,0,0.5,True
14:05:45.835,(-1.884162, -0.315261, 4.500000),0,0,0.5,True
14:05:45.851,(-1.904004, -0.328489, 4.500000),0,0,0.5,True
14:05:45.852,(-1.904004, -0.328489, 4.500000),0,0,0.5,True
14:05:45.864,(-1.923845, -0.328489, 4.500000),0,0,0.5,True
14:05:45.864,(-1.923845, -0.328489, 4.500000),0,0,0.5,True
14:05:45.879,(-1.943687, -0.328489, 4.500000),0,0,0.5,True
14:05:45.879,(-1.943687, -0.328489, 4.500000),0,0,0.5,True
14:05:45.890,(-1.963527, -0.328489, 4.500000),0.1186668,0,0.5,True
14:05:45.890,(-1.963527, -0.328489, 4.500000),0.1186668,0,0.5,True
14:05:45.908,(-1.983369, -0.321875, 4.500000),0.1186668,0,0.5,True
14:05:45.908,(-1.983369, -0.321875, 4.500000),0.1186668,0,0.5,True
14:05:45.927,(-2.009825, -0.308647, 4.500000),0.1345379,0,0.5,True
14:05:45.927,(-2.009825, -0.308647, 4.500000),0.1345379,0,0.5,True
14:05:45.943,(-2.036281, -0.275578, 4.500000),0.1439385,0,0.5,True
14:05:45.943,(-2.036281, -0.275578, 4.500000),0.1439385,0,0.5,True
14:05:45.955,(-2.049507, -0.255736, 4.500000),0.1439385,0,0.5,True
14:05:45.955,(-2.049507, -0.255736, 4.500000),0.1439385,0,0.5,True
14:05:45.969,(-2.056122, -0.235895, 4.500000),0.1439385,0,0.5,True
14:05:45.969,(-2.056122, -0.235895, 4.500000),0.1439385,0,0.5,True
14:05:45.986,(-2.062736, -0.209439, 4.500000),0.2638262,0,0.5,True
14:05:45.986,(-2.062736, -0.209439, 4.500000),0.2638262,0,0.5,True
14:05:46.007,(-2.049507, -0.176370, 4.500000),0.3276767,0,0.5,True
14:05:46.007,(-2.049507, -0.176370, 4.500000),0.3276767,0,0.5,True
14:05:46.025,(-2.036281, -0.163142, 4.500000),0.329508,0,0.5,True
14:05:46.026,(-2.036281, -0.163142, 4.500000),0.329508,0,0.5,True
14:05:46.040,(-2.023052, -0.149914, 4.500000),0.3275546,0,0.5,True
14:05:46.040,(-2.023052, -0.149914, 4.500000),0.3275546,0,0.5,True
14:05:46.054,(-1.996597, -0.143301, 4.500000),0.3275546,0,0.5,True
14:05:46.054,(-1.996597, -0.143301, 4.500000),0.3275546,0,0.5,True
14:05:46.073,(-1.976755, -0.149914, 4.500000),0.3275546,0,0.5,True
14:05:46.073,(-1.976755, -0.149914, 4.500000),0.3275546,0,0.5,True
14:05:46.088,(-1.943687, -0.156528, 4.500000),0.3494079,0.5,0.4944444,True
14:05:46.088,(-1.943687, -0.156528, 4.500000),0.3494079,0.5,0.4944444,True
14:05:46.108,(-1.930458, -0.169756, 4.500000),0.3502625,0.5,0.4944444,True
14:05:46.108,(-1.930458, -0.169756, 4.500000),0.3483091,0.5,0.4944444,True
14:05:46.128,(-1.917230, -0.182984, 4.500000),0.3483091,0.5,0.4944444,True
14:05:46.129,(-1.917230, -0.182984, 4.500000),0.3483091,0.5,0.4944444,True
14:05:46.143,(-1.890775, -0.209439, 4.500000),0.3470883,0.5,0.4833333,True
14:05:46.144,(-1.890775, -0.209439, 4.500000),0.3470883,0.5,0.4833333,True
14:05:46.155,(-1.884162, -0.235895, 4.500000),0.3465999,0.5,0.4833333,True
14:05:46.155,(-1.884162, -0.235895, 4.500000),0.3465999,0.5,0.4833333,True
14:05:46.174,(-1.884162, -0.249122, 4.500000),0.3463558,0.5,0.4833333,True
14:05:46.174,(-1.884162, -0.249122, 4.500000),0.3463558,0.5,0.4833333,True
14:05:46.188,(-1.890775, -0.282192, 4.500000),0.3462337,0.5,0.4833333,True
14:05:46.188,(-1.890775, -0.282192, 4.500000),0.3462337,0.5,0.4833333,True
14:05:46.208,(-1.904004, -0.308647, 4.500000),0.346722,0.5,0.4833333,True
14:05:46.209,(-1.904004, -0.308647, 4.500000),0.346722,0.5,0.4833333,True
14:05:46.227,(-1.943687, -0.341716, 4.500000),0.3511171,0.5,0.4833333,True
14:05:46.227,(-1.943687, -0.341716, 4.500000),0.3511171,0.5,0.4833333,True
14:05:46.242,(-1.996597, -0.368172, 4.500000),0.3511171,0.5,0.4833333,True
14:05:46.242,(-1.996597, -0.368172, 4.500000),0.3511171,0.5,0.4833333,True
14:05:46.255,(-2.036281, -0.394627, 4.500000),0.3544134,0.5,0.4777778,True
14:05:46.255,(-2.036281, -0.394627, 4.500000),0.3544134,0.5,0.4777778,True
14:05:46.273,(-2.089190, -0.407855, 4.500000),0.4272982,0.5388889,0.4722222,True
14:05:46.273,(-2.089190, -0.407855, 4.500000),0.4272982,0.5388889,0.4722222,True
14:05:46.289,(-2.161945, -0.434311, 4.500000),0.4272982,0.5388889,0.4722222,True
14:05:46.289,(-2.161945, -0.434311, 4.500000),0.4272982,0.5388889,0.4722222,True
14:05:46.309,(-2.214854, -0.447538, 4.500000),0.5536565,0.5511111,0.4777778,True
14:05:46.310,(-2.214854, -0.447538, 4.500000),0.5536565,0.5511111,0.4777778,True
14:05:46.328,(-2.287608, -0.467380, 4.500000),0.5536565,0.5511111,0.4777778,True
14:05:46.328,(-2.287608, -0.467380, 4.500000),0.5536565,0.5511111,0.4777778,True
14:05:46.346,(-2.360360, -0.480608, 4.500000),0.5536565,0.5511111,0.4777778,True
14:05:46.346,(-2.360360, -0.480608, 4.500000),0.5536565,0.5511111,0.4777778,True
14:05:46.358,(-2.426498, -0.480608, 4.500000),0.6221462,0.625,0.4888889,True
14:05:46.359,(-2.426498, -0.480608, 4.500000),0.6221462,0.625,0.4888889,True
14:05:46.374,(-2.472795, -0.473994, 4.500000),0.6221462,0.625,0.4888889,True
14:05:46.375,(-2.472795, -0.473994, 4.500000),0.6221462,0.625,0.4888889,True
14:05:46.387,(-2.499250, -0.467380, 4.500000),0.6221462,0.625,0.4888889,True
14:05:46.387,(-2.499250, -0.467380, 4.500000),0.6221462,0.625,0.4888889,True
14:05:46.408,(-2.525707, -0.454152, 4.500000),0.6420462,0.5,0.4944444,True
14:05:46.409,(-2.525707, -0.454152, 4.500000),0.6420462,0.5,0.4944444,True
14:05:46.432,(-2.545549, -0.427697, 4.500000),0.6420462,0.5,0.4944444,True
14:05:46.432,(-2.545549, -0.427697, 4.500000),0.6420462,0.5,0.4944444,True
14:05:46.446,(-2.552162, -0.368172, 4.500000),0.644732,0,0.5,True
14:05:46.447,(-2.552162, -0.368172, 4.500000),0.644732,0,0.5,True
14:05:46.457,(-2.552162, -0.328489, 4.500000),0.644732,0,0.5,True
14:05:46.457,(-2.552162, -0.328489, 4.500000),0.644732,0,0.5,True
14:05:46.474,(-2.545549, -0.288806, 4.500000),0.8685142,0,0.5,True
14:05:46.474,(-2.545549, -0.288806, 4.500000),0.8685142,0,0.5,True
14:05:46.487,(-2.538934, -0.249122, 4.500000),0.8685142,0,0.5,True
14:05:46.487,(-2.538934, -0.249122, 4.500000),0.8685142,0,0.5,True
14:05:46.507,(-2.525707, -0.222667, 4.500000),0.9963374,0,0.5,True
14:05:46.507,(-2.525707, -0.222667, 4.500000),0.9963374,0,0.5,True
14:05:46.734,(-2.499250, -0.182984, 4.500000),0,0.5,0.4944444,True
14:05:46.735,(-2.499250, -0.182984, 4.500000),0,0.5,0.4944444,True
14:05:46.759,(-2.049507, -0.004409, 4.500000),0,0,0.5,True
14:05:46.759,(-2.049507, -0.004409, 4.500000),0,0,0.5,True
14:05:46.771,(-2.036281, 0.002205, 4.500000),0,0,0.5,True
14:05:46.772,(-2.036281, 0.002205, 4.500000),0,0,0.5,True
14:05:47.753,(-2.042894, 0.002205, 4.500000),0,0.75,0.4666667,False
14:05:47.753,(-2.042894, 0.002205, 4.500000),0,0.75,0.4666667,False
14:05:47.767,(-2.042894, 0.002205, 4.500000),0,0.75,0.4666667,False
14:05:47.767,(-2.042894, 0.002205, 4.500000),0,0.75,0.4666667,False
14:05:47.784,(-2.042894, 0.002205, 4.500000),0,0.75,0.4722222,False
14:05:47.784,(-2.042894, 0.002205, 4.500000),0,0.75,0.4722222,False
