13:36:32.384,(-1.877547, -0.817915, 4.500000),0,0,0.5,True
13:36:32.386,(-1.877547, -0.817915, 4.500000),0,0,0.5,True
13:36:32.404,(-2.419885, -0.288806, 4.500000),0,0,0.5,True
13:36:32.405,(-2.419885, -0.288806, 4.500000),0,0,0.5,True
13:36:32.421,(-2.419885, -0.288806, 4.500000),0,0,0.5,True
13:36:32.422,(-2.419885, -0.288806, 4.500000),0,0,0.5,True
13:36:32.435,(-2.419885, -0.288806, 4.500000),0,0,0.5,True
13:36:32.436,(-2.419885, -0.288806, 4.500000),0,0,0.5,True
13:36:32.457,(-2.419885, -0.288806, 4.500000),0,0,0.5,True
13:36:32.457,(-2.419885, -0.288806, 4.500000),0,0,0.5,True
13:36:32.477,(-2.419885, -0.295420, 4.500000),0.1725064,0,0.5,True
13:36:32.477,(-2.419885, -0.295420, 4.500000),0.1725064,0,0.5,True
13:36:32.491,(-2.419885, -0.302033, 4.500000),0.2386766,0,0.5,True
13:36:32.491,(-2.419885, -0.302033, 4.500000),0.2386766,0,0.5,True
13:36:32.504,(-2.433111, -0.302033, 4.500000),0.2231718,0,0.5,True
13:36:32.504,(-2.433111, -0.302033, 4.500000),0.2231718,0,0.5,True
13:36:32.526,(-2.439727, -0.302033, 4.500000),0.210597,0,0.5,True
13:36:32.527,(-2.439727, -0.302033, 4.500000),0.210597,0,0.5,True
13:36:32.540,(-2.459569, -0.302033, 4.500000),0.210597,0,0.5,True
13:36:32.541,(-2.459569, -0.302033, 4.500000),0.210597,0,0.5,True
13:36:32.560,(-2.472795, -0.295420, 4.500000),0.3603956,0,0.5,True
13:36:32.561,(-2.472795, -0.295420, 4.500000),0.3603956,0,0.5,True
13:36:32.582,(-2.492636, -0.288806, 4.500000),0.42974,0,0.5,True
13:36:32.582,(-2.492636, -0.288806, 4.500000),0.42974,0,0.5,True
13:36:32.596,(-2.505865, -0.275578, 4.500000),0.42974,0,0.5,True
13:36:32.597,(-2.505865, -0.275578, 4.500000),0.42974,0,0.5,True
13:36:32.607,(-2.512479, -0.249122, 4.500000),0.6974728,0,0.5,True
13:36:32.608,(-2.512479, -0.249122, 4.500000),0.6974728,0,0.5,True
13:36:32.625,(-2.519092, -0.242509, 4.500000),0.7937981,0,0.5,True
13:36:32.625,(-2.519092, -0.242509, 4.500000),0.7937981,0,0.5,True
13:36:32.640,(-2.519092, -0.216053, 4.500000),0.8609449,0,0.5,True
13:36:32.640,(-2.519092, -0.216053, 4.500000),0.8609449,0,0.5,True
13:36:32.661,(-2.519092, -0.196211, 4.500000),1,0,0.5,True
13:36:32.662,(-2.519092, -0.196211, 4.500000),1,0,0.5,True
13:36:32.682,(-2.505865, -0.176370, 4.500000),1,0,0.5,True
13:36:32.683,(-2.505865, -0.176370, 4.500000),1,0,0.5,True
13:36:32.698,(-2.479410, -0.156528, 4.500000),1,0,0.5,True
13:36:32.699,(-2.479410, -0.156528, 4.500000),1,0,0.5,True
13:36:32.710,(-2.459569, -0.149914, 4.500000),1,0,0.5,True
13:36:32.710,(-2.459569, -0.149914, 4.500000),1,0,0.5,True
13:36:32.726,(-2.446340, -0.149914, 4.500000),1,0,0.5,True
13:36:32.726,(-2.446340, -0.149914, 4.500000),1,0,0.5,True
13:36:32.738,(-2.433112, -0.156528, 4.500000),1,0,0.5,True
13:36:32.739,(-2.433112, -0.156528, 4.500000),1,0,0.5,True
13:36:32.759,(-2.413270, -0.163142, 4.500000),1,0,0.5,True
13:36:32.760,(-2.413270, -0.163142, 4.500000),1,0,0.5,True
13:36:32.781,(-2.393428, -0.182984, 4.500000),1,0,0.5,True
13:36:32.781,(-2.393428, -0.182984, 4.500000),1,0,0.5,True
13:36:32.795,(-2.373588, -0.202825, 4.500000),1,0,0.5,True
13:36:32.796,(-2.373588, -0.202825, 4.500000),1,0,0.5,True
13:36:32.806,(-2.366973, -0.229281, 4.500000),1,0,0.5,True
13:36:32.806,(-2.366973, -0.229281, 4.500000),1,0,0.5,True
13:36:32.823,(-2.366973, -0.235895, 4.500000),1,0,0.5,True
13:36:32.823,(-2.366973, -0.235895, 4.500000),1,0,0.5,True
13:36:32.837,(-2.366973, -0.262350, 4.500000),1,0,0.5,True
13:36:32.838,(-2.366973, -0.262350, 4.500000),1,0,0.5,True
13:36:32.864,(-2.373589, -0.288806, 4.500000),1,0,0.5,True
13:36:32.865,(-2.373589, -0.288806, 4.500000),1,0,0.5,True
13:36:32.886,(-2.406657, -0.328489, 4.500000),1,0,0.5,True
13:36:32.886,(-2.406657, -0.328489, 4.500000),1,0,0.5,True
13:36:32.902,(-2.433111, -0.354944, 4.500000),1,0,0.5,True
13:36:32.903,(-2.433111, -0.354944, 4.500000),1,0,0.5,True
13:36:32.915,(-2.459569, -0.388014, 4.500000),1,0,0.5,True
13:36:32.916,(-2.459569, -0.388014, 4.500000),1,0,0.5,True
13:36:32.932,(-2.486023, -0.407855, 4.500000),1,0,0.5,True
13:36:32.932,(-2.486023, -0.407855, 4.500000),1,0,0.5,True
13:36:32.945,(-2.519092, -0.421083, 4.500000),1,0,0.5,True
13:36:32.945,(-2.519092, -0.421083, 4.500000),1,0,0.5,True
13:36:32.972,(-2.565389, -0.440924, 4.500000),1,0,0.5,True
13:36:32.972,(-2.565389, -0.440924, 4.500000),1,0,0.5,True
13:36:32.992,(-2.611687, -0.454152, 4.500000),1,0,0.5,True
13:36:32.992,(-2.611687, -0.454152, 4.500000),1,0,0.5,True
13:36:33.007,(-2.671212, -0.460766, 4.500000),1,0,0.5,True
13:36:33.007,(-2.671212, -0.460766, 4.500000),1,0,0.5,True
13:36:33.019,(-2.697667, -0.460766, 4.500000),1,0,0.5,True
13:36:33.019,(-2.697667, -0.460766, 4.500000),1,0,0.5,True
13:36:33.038,(-2.724122, -0.454152, 4.500000),1,0,0.5,True
13:36:33.038,(-2.724122, -0.454152, 4.500000),1,0,0.5,True
13:36:33.053,(-2.763806, -0.447538, 4.500000),1,0,0.5,True
13:36:33.053,(-2.763806, -0.447538, 4.500000),1,0,0.5,True
13:36:33.076,(-2.783648, -0.440924, 4.500000),1,0,0.5,True
13:36:33.077,(-2.783648, -0.440924, 4.500000),1,0,0.5,True
13:36:33.098,(-2.803489, -0.421083, 4.500000),1,0,0.5,True
13:36:33.098,(-2.803489, -0.421083, 4.500000),1,0,0.5,True
13:36:33.114,(-2.829944, -0.381400, 4.500000),1,0,0.5,True
13:36:33.114,(-2.829944, -0.381400, 4.500000),1,0,0.5,True
13:36:33.125,(-2.829945, -0.354944, 4.500000),1,0,0.5,True
13:36:33.125,(-2.829945, -0.354944, 4.500000),1,0,0.5,True
13:36:33.140,(-2.829945, -0.328489, 4.500000),1,0,0.5,True
13:36:33.141,(-2.829945, -0.328489, 4.500000),1,0,0.5,True
13:36:33.157,(-2.823331, -0.308647, 4.500000),1,0,0.5,True
13:36:33.157,(-2.823331, -0.308647, 4.500000),1,0,0.5,True
13:36:33.176,(-2.803489, -0.275578, 4.500000),1,0,0.5,True
13:36:33.177,(-2.803489, -0.275578, 4.500000),1,0,0.5,True
13:36:33.197,(-2.777032, -0.255736, 4.500000),1,0,0.5,True
13:36:33.197,(-2.777032, -0.255736, 4.500000),1,0,0.5,True
13:36:33.211,(-2.724122, -0.209439, 4.500000),1,0,0.5,True
13:36:33.211,(-2.724122, -0.209439, 4.500000),1,0,0.5,True
13:36:33.224,(-2.697668, -0.189597, 4.500000),1,0,0.5,True
13:36:33.224,(-2.697668, -0.189597, 4.500000),1,0,0.5,True
13:36:33.473,(-2.677825, -0.169756, 4.500000),0,0,0.5,True
13:36:33.473,(-2.677825, -0.169756, 4.500000),0,0,0.5,True
13:36:33.487,(-2.472795, -0.011023, 4.500000),0,0,0.5,True
13:36:33.487,(-2.472795, -0.011023, 4.500000),0,0,0.5,True
13:36:33.509,(-2.459569, -0.011023, 4.500000),0,0,0.5,True
13:36:33.509,(-2.459569, -0.011023, 4.500000),0,0,0.5,True
13:36:33.529,(-2.459569, -0.011023, 4.500000),0,0,0.5,True
13:36:33.530,(-2.459569, -0.011023, 4.500000),0,0,0.5,True
13:36:33.546,(-2.466182, -0.024251, 4.500000),0,0,0.5,True
13:36:33.546,(-2.466182, -0.024251, 4.500000),0,0,0.5,True
13:36:33.557,(-2.472795, -0.024251, 4.500000),0,0,0.5,True
13:36:33.557,(-2.472795, -0.024251, 4.500000),0,0,0.5,True
13:36:34.454,(-2.472795, -0.030865, 4.500000),0,0.75,0.4611111,False
13:36:34.454,(-2.472795, -0.030865, 4.500000),0,0.75,0.4611111,False
13:36:34.472,(-2.472795, -0.030865, 4.500000),0,0.75,0.4611111,False
13:36:34.473,(-2.472795, -0.030865, 4.500000),0,0.75,0.4611111,False
13:36:34.484,(-2.472795, -0.030865, 4.500000),0,0.75,0.4611111,False
13:36:34.484,(-2.472795, -0.030865, 4.500000),0,0.75,0.4611111,False
13:36:34.504,(-2.472795, -0.030865, 4.500000),0,0.75,0.4666667,False
13:36:34.505,(-2.472795, -0.030865, 4.500000),0,0.75,0.4666667,False
13:36:34.525,(-2.472795, -0.030865, 4.500000),0,0.6986111,0.4611111,False
13:36:34.526,(-2.472795, -0.030865, 4.500000),0,0.6986111,0.4611111,False
