13:42:59.341,(-2.036281, -0.692251, 4.500000),0,0,0.5,False
13:42:59.341,(-2.036281, -0.692251, 4.500000),0,0,0.5,False
13:42:59.362,(-2.188399, -0.368172, 4.500000),0,0,0.5,False
13:42:59.363,(-2.188399, -0.368172, 4.500000),0,0,0.5,False
13:42:59.383,(-2.188399, -0.368172, 4.500000),0,0,0.5,False
13:42:59.384,(-2.188399, -0.368172, 4.500000),0,0,0.5,False
13:42:59.399,(-2.195013, -0.368172, 4.500000),0,0,0.5,False
13:42:59.400,(-2.195013, -0.368172, 4.500000),0,0,0.5,False
13:42:59.411,(-2.208241, -0.368172, 4.500000),0,0,0.5,False
13:42:59.411,(-2.208241, -0.368172, 4.500000),0,0,0.5,False
13:42:59.426,(-2.214854, -0.374786, 4.500000),0,0,0.5,False
13:42:59.427,(-2.214854, -0.374786, 4.500000),0,0.5,0.4944444,False
13:42:59.440,(-2.221467, -0.374786, 4.500000),0,0.5,0.4944444,False
13:42:59.440,(-2.221467, -0.374786, 4.500000),0.1957026,0.5,0.4888889,False
13:42:59.463,(-2.228083, -0.381400, 4.500000),0.1961909,0.5,0.4777778,False
13:42:59.463,(-2.228083, -0.381400, 4.500000),0.1961909,0.5,0.4777778,False
13:42:59.483,(-2.241309, -0.381400, 4.500000),0.1966793,0.5,0.4722222,False
13:42:59.483,(-2.241309, -0.381400, 4.500000),0.1966793,0.5,0.4722222,False
13:42:59.498,(-2.254538, -0.368172, 4.500000),0.197778,0.5261111,0.4611111,False
13:42:59.498,(-2.254538, -0.368172, 4.500000),0.197778,0.5261111,0.4611111,False
13:42:59.508,(-2.261151, -0.354944, 4.500000),0.1996093,0.5225,0.4555556,False
13:42:59.509,(-2.261151, -0.354944, 4.500000),0.1996093,0.5225,0.4555556,False
13:42:59.527,(-2.267766, -0.341716, 4.500000),0.1996093,0.5225,0.4555556,False
13:42:59.527,(-2.267766, -0.341716, 4.500000),0.1996093,0.5225,0.4555556,False
13:42:59.539,(-2.274380, -0.321875, 4.500000),0.1996093,0.5225,0.4555556,False
13:42:59.540,(-2.274380, -0.321875, 4.500000),0.1996093,0.5225,0.4555556,False
13:42:59.559,(-2.267766, -0.302033, 4.500000),0.1996093,0.5225,0.4555556,False
13:42:59.561,(-2.267766, -0.302033, 4.500000),0.1996093,0.5225,0.4555556,False
13:42:59.579,(-2.254538, -0.282192, 4.500000),0.250763,0.5313889,0.4388889,False
13:42:59.580,(-2.254538, -0.282192, 4.500000),0.250763,0.5313889,0.4388889,False
13:42:59.595,(-2.234696, -0.262350, 4.500000),0.250763,0.5313889,0.4388889,False
13:42:59.595,(-2.234696, -0.262350, 4.500000),0.250763,0.5313889,0.4388889,False
13:42:59.606,(-2.221467, -0.255736, 4.500000),0.2806739,0.5388889,0.4277778,False
13:42:59.607,(-2.221467, -0.255736, 4.500000),0.2806739,0.5388889,0.4277778,False
13:42:59.626,(-2.201626, -0.249122, 4.500000),0.2943475,0.5475,0.4222222,False
13:42:59.626,(-2.201626, -0.249122, 4.500000),0.2943475,0.5475,0.4222222,False
13:42:59.641,(-2.168558, -0.249122, 4.500000),0.3362227,0.5583333,0.4222222,False
13:42:59.641,(-2.168558, -0.249122, 4.500000),0.3362227,0.5583333,0.4222222,False
13:42:59.661,(-2.142102, -0.255736, 4.500000),0.3806617,0.5583333,0.4222222,False
13:42:59.661,(-2.142102, -0.255736, 4.500000),0.3806617,0.5583333,0.4222222,False
13:42:59.682,(-2.128874, -0.262350, 4.500000),0.4189965,0.5641667,0.4111111,False
13:42:59.682,(-2.128874, -0.262350, 4.500000),0.4189965,0.5641667,0.4111111,False
13:42:59.697,(-2.115647, -0.275578, 4.500000),0.4185081,0.5641667,0.4111111,False
13:42:59.697,(-2.115647, -0.275578, 4.500000),0.4185081,0.5641667,0.4111111,False
13:42:59.711,(-2.115647, -0.295420, 4.500000),0.4185081,0.5641667,0.4111111,False
13:42:59.711,(-2.115647, -0.295420, 4.500000),0.4185081,0.5641667,0.4111111,False
13:42:59.725,(-2.115647, -0.315261, 4.500000),0.4191186,0.5736111,0.4111111,False
13:42:59.726,(-2.115647, -0.315261, 4.500000),0.4191186,0.5736111,0.4111111,False
13:42:59.743,(-2.115648, -0.328489, 4.500000),0.4266878,0.5694444,0.4055555,False
13:42:59.744,(-2.115648, -0.328489, 4.500000),0.4266878,0.5694444,0.4055555,False
13:42:59.771,(-2.115648, -0.368172, 4.500000),0.4279087,0.5777778,0.4055555,False
13:42:59.771,(-2.115648, -0.368172, 4.500000),0.4281529,0.5777778,0.4055555,False
13:42:59.791,(-2.142102, -0.414469, 4.500000),0.4290074,0.5858333,0.4,False
13:42:59.791,(-2.142102, -0.414469, 4.500000),0.4290074,0.5858333,0.4,False
13:42:59.805,(-2.181786, -0.447538, 4.500000),0.4290074,0.5858333,0.4,False
13:42:59.806,(-2.181786, -0.447538, 4.500000),0.4290074,0.5858333,0.4,False
13:42:59.818,(-2.214854, -0.460766, 4.500000),0.43267,0.5858333,0.4,False
13:42:59.819,(-2.214854, -0.460766, 4.500000),0.43267,0.5858333,0.4,False
13:42:59.837,(-2.247924, -0.473994, 4.500000),0.438408,0.5858333,0.4,False
13:42:59.837,(-2.247924, -0.473994, 4.500000),0.438408,0.5858333,0.4,False
13:42:59.853,(-2.314063, -0.487221, 4.500000),0.4417043,0.5858333,0.4,False
13:42:59.853,(-2.314063, -0.487221, 4.500000),0.4417043,0.5858333,0.4,False
13:42:59.876,(-2.353746, -0.500449, 4.500000),0.4608717,0.5908333,0.4055555,False
13:42:59.877,(-2.353746, -0.500449, 4.500000),0.4608717,0.5908333,0.4055555,False
13:42:59.896,(-2.419885, -0.513677, 4.500000),0.4608717,0.5908333,0.4055555,False
13:42:59.896,(-2.419885, -0.513677, 4.500000),0.4608717,0.5908333,0.4055555,False
13:42:59.909,(-2.512479, -0.520291, 4.500000),0.4608717,0.5908333,0.4055555,False
13:42:59.910,(-2.512479, -0.520291, 4.500000),0.4608717,0.5908333,0.4055555,False
13:42:59.923,(-2.552162, -0.520291, 4.500000),0.4608717,0.5908333,0.4055555,False
13:42:59.923,(-2.552162, -0.520291, 4.500000),0.4608717,0.5908333,0.4055555,False
13:42:59.940,(-2.591846, -0.513677, 4.500000),0.550116,0.5877778,0.4111111,False
13:42:59.940,(-2.591846, -0.513677, 4.500000),0.550116,0.5877778,0.4111111,False
13:42:59.955,(-2.624914, -0.513677, 4.500000),0.550116,0.5877778,0.4111111,False
13:42:59.956,(-2.624914, -0.513677, 4.500000),0.550116,0.5877778,0.4111111,False
13:42:59.979,(-2.657984, -0.500449, 4.500000),0.551581,0.5786111,0.4166667,False
13:42:59.979,(-2.657984, -0.500449, 4.500000),0.551581,0.5786111,0.4166667,False
13:42:59.997,(-2.684439, -0.487221, 4.500000),0.551581,0.5786111,0.4166667,False
13:42:59.997,(-2.684439, -0.487221, 4.500000),0.551581,0.5786111,0.4166667,False
13:43:00.013,(-2.684439, -0.460766, 4.500000),0.5536565,0.5736111,0.4222222,False
13:43:00.013,(-2.684439, -0.460766, 4.500000),0.5536565,0.5736111,0.4222222,False
13:43:00.030,(-2.684439, -0.440924, 4.500000),0.5536565,0.5736111,0.4222222,False
13:43:00.030,(-2.684439, -0.440924, 4.500000),0.5536565,0.5736111,0.4222222,False
13:43:00.046,(-2.664597, -0.407855, 4.500000),0.5556098,0.5511111,0.4277778,False
13:43:00.047,(-2.664597, -0.407855, 4.500000),0.5556098,0.5511111,0.4277778,False
13:43:00.060,(-2.651371, -0.388014, 4.500000),0.5556098,0.5511111,0.4277778,False
13:43:00.060,(-2.651371, -0.388014, 4.500000),0.5556098,0.5511111,0.4277778,False
13:43:00.316,(-2.631529, -0.361558, 4.500000),0,0.5,0.4444444,False
13:43:00.316,(-2.631529, -0.361558, 4.500000),0,0.5,0.4444444,False
13:43:00.335,(-2.221467, -0.130073, 4.500000),0,0.5,0.4444444,False
13:43:00.335,(-2.221467, -0.130073, 4.500000),0,0.5,0.4444444,False
13:43:00.359,(-2.221467, -0.123459, 4.500000),0,0.5,0.4666667,False
13:43:00.359,(-2.221467, -0.123459, 4.500000),0,0.5,0.4666667,False
13:43:00.370,(-2.221467, -0.123459, 4.500000),0,0.5,0.4666667,False
13:43:00.370,(-2.221467, -0.123459, 4.500000),0,0.5,0.4666667,False
13:43:00.390,(-2.221467, -0.123459, 4.500000),0,0.5,0.4722222,False
13:43:00.391,(-2.221467, -0.123459, 4.500000),0,0.5,0.4722222,False
13:43:00.406,(-2.221467, -0.130073, 4.500000),0,0.5,0.4722222,False
13:43:00.406,(-2.221467, -0.130073, 4.500000),0,0.5,0.4722222,False
13:43:01.162,(-2.221467, -0.130073, 4.500000),0,0.75,0.4666667,False
13:43:01.162,(-2.221467, -0.130073, 4.500000),0,0.75,0.4666667,False
13:43:01.172,(-2.221467, -0.130073, 4.500000),0,0.75,0.4611111,False
13:43:01.173,(-2.221467, -0.130073, 4.500000),0,0.75,0.4611111,False
13:43:01.186,(-2.221467, -0.130073, 4.500000),0,0.75,0.4611111,False
13:43:01.187,(-2.221467, -0.130073, 4.500000),0,0.75,0.4611111,False
13:43:01.203,(-2.221467, -0.130073, 4.500000),0,0.75,0.4611111,False
13:43:01.203,(-2.221467, -0.130073, 4.500000),0,0.75,0.4611111,False
