13:34:39.849,(-2.201626, -0.824529, 4.500000),0,0,0.5,False
13:34:39.849,(-2.201626, -0.824529, 4.500000),0,0,0.5,False
13:34:39.872,(-2.426498, -0.354944, 4.500000),0,0,0.5,False
13:34:39.872,(-2.426498, -0.354944, 4.500000),0,0,0.5,False
13:34:39.896,(-2.419885, -0.354944, 4.500000),0,0,0.5,False
13:34:39.896,(-2.419885, -0.354944, 4.500000),0,0,0.5,False
13:34:39.911,(-2.433111, -0.354944, 4.500000),0,0,0.5,False
13:34:39.912,(-2.433111, -0.354944, 4.500000),0,0,0.5,False
13:34:39.924,(-2.433111, -0.354944, 4.500000),0,0,0.5,False
13:34:39.924,(-2.433111, -0.354944, 4.500000),0,0,0.5,False
13:34:39.939,(-2.446340, -0.354944, 4.500000),0.1964351,0,0.5,False
13:34:39.939,(-2.446340, -0.354944, 4.500000),0.1964351,0,0.5,False
13:34:39.951,(-2.446340, -0.354944, 4.500000),0.1964351,0,0.5,False
13:34:39.951,(-2.446340, -0.354944, 4.500000),0.2219509,0,0.5,False
13:34:39.969,(-2.452953, -0.354944, 4.500000),0.2167013,0,0.5,False
13:34:39.969,(-2.452953, -0.354944, 4.500000),0.2167013,0,0.5,False
13:34:39.989,(-2.459569, -0.354944, 4.500000),0.2167013,0,0.5,False
13:34:39.989,(-2.459569, -0.354944, 4.500000),0.2167013,0,0.5,False
13:34:40.007,(-2.479410, -0.354944, 4.500000),0.2196313,0,0.5,False
13:34:40.007,(-2.479410, -0.354944, 4.500000),0.2196313,0,0.5,False
13:34:40.020,(-2.492636, -0.354944, 4.500000),0.223538,0,0.5,False
13:34:40.020,(-2.492636, -0.354944, 4.500000),0.223538,0,0.5,False
13:34:40.037,(-2.512479, -0.341716, 4.500000),0.223538,0,0.5,False
13:34:40.037,(-2.512479, -0.341716, 4.500000),0.223538,0,0.5,False
13:34:40.050,(-2.525707, -0.328489, 4.500000),0.223538,0,0.5,False
13:34:40.051,(-2.525707, -0.328489, 4.500000),0.223538,0,0.5,False
13:34:40.072,(-2.538933, -0.315261, 4.500000),0.227811,0.5,0.4944444,False
13:34:40.074,(-2.538933, -0.315261, 4.500000),0.2274448,0.5,0.4944444,False
13:34:40.095,(-2.545549, -0.288806, 4.500000),0.2276889,0.5,0.4944444,False
13:34:40.096,(-2.545549, -0.288806, 4.500000),0.2276889,0.5,0.4944444,False
13:34:40.109,(-2.538934, -0.249122, 4.500000),0.2276889,0.5,0.4944444,False
13:34:40.109,(-2.538934, -0.249122, 4.500000),0.2276889,0.5,0.4944444,False
13:34:40.122,(-2.525707, -0.235895, 4.500000),0.2276889,0.5,0.4944444,False
13:34:40.122,(-2.525707, -0.235895, 4.500000),0.2276889,0.5,0.4944444,False
13:34:40.137,(-2.512479, -0.222667, 4.500000),0.2265902,0.5,0.4888889,False
13:34:40.137,(-2.512479, -0.222667, 4.500000),0.2265902,0.5,0.4888889,False
13:34:40.149,(-2.499250, -0.222667, 4.500000),0.2262239,0.5,0.4888889,False
13:34:40.149,(-2.499250, -0.222667, 4.500000),0.2262239,0.5,0.4888889,False
13:34:40.171,(-2.479410, -0.222667, 4.500000),0.224881,0.5,0.4888889,False
13:34:40.172,(-2.479410, -0.222667, 4.500000),0.224881,0.5,0.4888889,False
13:34:40.194,(-2.446340, -0.222667, 4.500000),0.2267122,0.5,0.4888889,False
13:34:40.195,(-2.446340, -0.222667, 4.500000),0.2267122,0.5,0.4888889,False
13:34:40.209,(-2.406657, -0.235895, 4.500000),0.2267122,0.5,0.4888889,False
13:34:40.209,(-2.406657, -0.235895, 4.500000),0.2267122,0.5,0.4888889,False
13:34:40.221,(-2.393428, -0.249122, 4.500000),0.2267122,0.5,0.4888889,False
13:34:40.221,(-2.393428, -0.249122, 4.500000),0.2711513,0.5,0.4888889,False
13:34:40.237,(-2.380201, -0.262350, 4.500000),0.2711513,0.5,0.4888889,False
13:34:40.237,(-2.380201, -0.262350, 4.500000),0.2711513,0.5,0.4888889,False
13:34:40.247,(-2.373588, -0.275578, 4.500000),0.2674887,0.5,0.4888889,False
13:34:40.248,(-2.373588, -0.275578, 4.500000),0.2674887,0.5,0.4888889,False
13:34:40.277,(-2.366973, -0.295420, 4.500000),0.2695642,0.5,0.4833333,False
13:34:40.277,(-2.366973, -0.295420, 4.500000),0.2695642,0.5,0.4833333,False
13:34:40.296,(-2.366973, -0.335103, 4.500000),0.309486,0.5,0.4833333,False
13:34:40.296,(-2.366973, -0.335103, 4.500000),0.309486,0.5,0.4833333,False
13:34:40.311,(-2.366973, -0.368172, 4.500000),0.3162007,0.5,0.4833333,False
13:34:40.311,(-2.366973, -0.368172, 4.500000),0.3162007,0.5,0.4833333,False
13:34:40.323,(-2.380201, -0.381400, 4.500000),0.3162007,0.5,0.4833333,False
13:34:40.323,(-2.380201, -0.381400, 4.500000),0.3162007,0.5,0.4833333,False
13:34:40.341,(-2.406657, -0.401241, 4.500000),0.3226712,0.5,0.4777778,False
13:34:40.341,(-2.406657, -0.401241, 4.500000),0.3226712,0.5,0.4777778,False
13:34:40.352,(-2.439727, -0.421083, 4.500000),0.3459895,0.5,0.4777778,False
13:34:40.352,(-2.439727, -0.421083, 4.500000),0.3459895,0.5,0.4777778,False
13:34:40.371,(-2.472795, -0.434311, 4.500000),0.3459895,0.5,0.4777778,False
13:34:40.372,(-2.472795, -0.434311, 4.500000),0.3459895,0.5,0.4777778,False
13:34:40.392,(-2.499250, -0.447538, 4.500000),0.5051886,0.5,0.4833333,False
13:34:40.393,(-2.499250, -0.447538, 4.500000),0.5051886,0.5,0.4833333,False
13:34:40.408,(-2.572004, -0.460766, 4.500000),0.5329019,0.5,0.4833333,False
13:34:40.408,(-2.572004, -0.460766, 4.500000),0.5329019,0.5,0.4833333,False
13:34:40.422,(-2.605072, -0.460766, 4.500000),0.5363203,0.5,0.4833333,False
13:34:40.422,(-2.605072, -0.460766, 4.500000),0.5363203,0.5,0.4833333,False
13:34:40.440,(-2.644756, -0.467380, 4.500000),0.5633012,0.5,0.4888889,False
13:34:40.440,(-2.644756, -0.467380, 4.500000),0.5633012,0.5,0.4888889,False
13:34:40.454,(-2.691052, -0.473994, 4.500000),0.6033452,0.5,0.4888889,False
13:34:40.454,(-2.691052, -0.473994, 4.500000),0.6033452,0.5,0.4888889,False
13:34:40.473,(-2.717509, -0.473994, 4.500000),0.6033452,0.5,0.4888889,False
13:34:40.474,(-2.717509, -0.473994, 4.500000),0.6033452,0.5,0.4888889,False
13:34:40.493,(-2.743964, -0.473994, 4.500000),0.611647,0.5,0.4944444,False
13:34:40.493,(-2.743964, -0.473994, 4.500000),0.611647,0.5,0.4944444,False
13:34:40.508,(-2.790261, -0.473994, 4.500000),0.6122574,0.5,0.4944444,False
13:34:40.508,(-2.790261, -0.473994, 4.500000),0.6122574,0.5,0.4944444,False
13:34:40.521,(-2.803489, -0.467380, 4.500000),0.6123794,0.5,0.4944444,False
13:34:40.521,(-2.803489, -0.467380, 4.500000),0.6106703,0,0.5,False
13:34:40.537,(-2.816716, -0.460766, 4.500000),0.6106703,0,0.5,False
13:34:40.537,(-2.816716, -0.460766, 4.500000),0.6106703,0,0.5,False
13:34:40.551,(-2.829945, -0.454152, 4.500000),0.6136003,0,0.5,False
13:34:40.551,(-2.829945, -0.454152, 4.500000),0.6136003,0,0.5,False
13:34:40.571,(-2.836558, -0.434311, 4.500000),0.6144549,0,0.5,False
13:34:40.572,(-2.836558, -0.434311, 4.500000),0.6144549,0,0.5,False
13:34:40.592,(-2.843173, -0.407855, 4.500000),0.6125015,0,0.5,False
13:34:40.592,(-2.843173, -0.407855, 4.500000),0.6125015,0,0.5,False
13:34:40.605,(-2.836557, -0.354944, 4.500000),0.6111586,0,0.5,False
13:34:40.605,(-2.836557, -0.354944, 4.500000),0.6111586,0,0.5,False
13:34:40.619,(-2.829945, -0.335103, 4.500000),0.6171408,0,0.5,False
13:34:40.619,(-2.829945, -0.335103, 4.500000),0.6171408,0,0.5,False
13:34:40.635,(-2.816716, -0.315261, 4.500000),0.6186058,0,0.5,False
13:34:40.635,(-2.816716, -0.315261, 4.500000),0.6186058,0,0.5,False
13:34:40.649,(-2.803489, -0.302033, 4.500000),0.6186058,0,0.5,False
13:34:40.649,(-2.803489, -0.302033, 4.500000),0.6186058,0,0.5,False
13:34:40.933,(-2.770419, -0.275578, 4.500000),0,0,0.5,False
13:34:40.933,(-2.770419, -0.275578, 4.500000),0,0,0.5,False
13:34:40.948,(-2.499250, -0.050706, 4.500000),0,0,0.5,False
13:34:40.949,(-2.499250, -0.050706, 4.500000),0,0,0.5,False
13:34:40.973,(-2.499250, -0.044092, 4.500000),0,0,0.5,False
13:34:40.973,(-2.499250, -0.044092, 4.500000),0,0,0.5,False
13:34:41.703,(-2.499250, -0.050706, 4.500000),0,0.5,0.4722222,False
13:34:41.703,(-2.499250, -0.050706, 4.500000),0,0.5,0.4722222,False
13:34:41.716,(-2.499250, -0.050706, 4.500000),0,0.5,0.4611111,False
13:34:41.716,(-2.499250, -0.050706, 4.500000),0,0.5,0.4611111,False
13:34:41.737,(-2.499250, -0.050706, 4.500000),0,0.5,0.4611111,False
13:34:41.738,(-2.499250, -0.050706, 4.500000),0,0.5,0.4611111,False
13:34:41.747,(-2.499250, -0.050706, 4.500000),0,0.5,0.4611111,False
13:34:41.748,(-2.499250, -0.050706, 4.500000),0,0.5,0.4611111,False
13:34:41.765,(-2.499250, -0.050706, 4.500000),0,0.5,0.45,False
13:34:41.765,(-2.499250, -0.050706, 4.500000),0,0.5,0.45,False
