13:55:26.747,(-2.578617, -0.030865, 4.500000),0,0,0.5,True
13:55:26.747,(-2.578617, -0.030865, 4.500000),0,0,0.5,True
13:55:26.772,(-2.618300, -0.136687, 4.500000),0,0,0.5,True
13:55:26.772,(-2.618300, -0.136687, 4.500000),0,0,0.5,True
13:55:26.792,(-2.618300, -0.130073, 4.500000),0,0,0.5,True
13:55:26.792,(-2.618300, -0.130073, 4.500000),0,0,0.5,True
13:55:26.808,(-2.618300, -0.130073, 4.500000),0,0,0.5,True
13:55:26.808,(-2.618300, -0.130073, 4.500000),0,0,0.5,True
13:55:26.824,(-2.618300, -0.116845, 4.500000),0,0,0.5,True
13:55:26.824,(-2.618300, -0.116845, 4.500000),0,0,0.5,True
13:55:26.840,(-2.624914, -0.103617, 4.500000),0,0,0.5,True
13:55:26.841,(-2.624914, -0.103617, 4.500000),0,0,0.5,True
13:55:26.852,(-2.624914, -0.090390, 4.500000),0,0,0.5,True
13:55:26.852,(-2.624914, -0.090390, 4.500000),0,0,0.5,True
13:55:26.878,(-2.618300, -0.070548, 4.500000),0.1324625,0.5,0.4777778,True
13:55:26.880,(-2.618300, -0.070548, 4.500000),0.1336833,0.5,0.4722222,True
13:55:26.899,(-2.605072, -0.030865, 4.500000),0.138933,0.5,0.4611111,True
13:55:26.901,(-2.605072, -0.030865, 4.500000),0.1401538,0.5,0.4611111,True
13:55:26.914,(-2.578617, -0.004409, 4.500000),0.1421072,0.5,0.4555556,True
13:55:26.914,(-2.578617, -0.004409, 4.500000),0.1421072,0.5,0.4555556,True
13:55:26.927,(-2.552162, 0.015432, 4.500000),0.1439385,0.5,0.45,True
13:55:26.928,(-2.552162, 0.015432, 4.500000),0.1439385,0.5,0.45,True
13:55:26.943,(-2.525707, 0.028660, 4.500000),0.1452814,0.5,0.4444444,True
13:55:26.943,(-2.525707, 0.028660, 4.500000),0.1452814,0.5,0.4444444,True
13:55:26.962,(-2.499250, 0.028660, 4.500000),0.1452814,0.5,0.4444444,True
13:55:26.962,(-2.499250, 0.028660, 4.500000),0.1452814,0.5,0.4444444,True
13:55:26.981,(-2.459569, 0.028660, 4.500000),0.1452814,0.5,0.4444444,True
13:55:26.982,(-2.459569, 0.028660, 4.500000),0.1452814,0.5,0.4444444,True
13:55:27.004,(-2.433112, 0.015432, 4.500000),0.1747039,0.5,0.4277778,True
13:55:27.004,(-2.433112, 0.015432, 4.500000),0.1747039,0.5,0.4277778,True
13:55:27.020,(-2.386815, -0.011023, 4.500000),0.1747039,0.5,0.4277778,True
13:55:27.020,(-2.386815, -0.011023, 4.500000),0.1747039,0.5,0.4277778,True
13:55:27.034,(-2.353746, -0.050706, 4.500000),0.1837382,0.5,0.4222222,True
13:55:27.034,(-2.353746, -0.050706, 4.500000),0.1837382,0.5,0.4222222,True
13:55:27.051,(-2.340518, -0.077162, 4.500000),0.1837382,0.5,0.4222222,True
13:55:27.052,(-2.340518, -0.077162, 4.500000),0.1837382,0.5,0.4222222,True
13:55:27.066,(-2.320676, -0.116845, 4.500000),0.1843487,0.5,0.4222222,True
13:55:27.067,(-2.320676, -0.116845, 4.500000),0.1843487,0.5,0.4222222,True
13:55:27.093,(-2.300835, -0.169756, 4.500000),0.1827616,0.5,0.4222222,True
13:55:27.093,(-2.300835, -0.169756, 4.500000),0.1827616,0.5,0.4222222,True
13:55:27.113,(-2.300835, -0.216053, 4.500000),0.1821511,0.5,0.4222222,True
13:55:27.113,(-2.300835, -0.216053, 4.500000),0.1821511,0.5,0.4222222,True
13:55:27.134,(-2.307450, -0.262350, 4.500000),0.1821511,0.5,0.4222222,True
13:55:27.135,(-2.307450, -0.262350, 4.500000),0.1821511,0.5,0.4222222,True
13:55:27.146,(-2.320676, -0.302033, 4.500000),0.1821511,0.5,0.4222222,True
13:55:27.146,(-2.320676, -0.302033, 4.500000),0.1821511,0.5,0.4222222,True
13:55:27.163,(-2.333905, -0.321875, 4.500000),0.1822732,0.5,0.4277778,True
13:55:27.163,(-2.333905, -0.321875, 4.500000),0.1822732,0.5,0.4277778,True
13:55:27.175,(-2.353746, -0.341716, 4.500000),0.1823953,0.5,0.4277778,True
13:55:27.175,(-2.353746, -0.341716, 4.500000),0.1823953,0.5,0.4277778,True
13:55:27.195,(-2.366973, -0.354944, 4.500000),0.1816628,0.5,0.4277778,True
13:55:27.195,(-2.366973, -0.354944, 4.500000),0.1816628,0.5,0.4277778,True
13:55:27.212,(-2.393428, -0.368172, 4.500000),0.1842266,0.5,0.4277778,True
13:55:27.213,(-2.393428, -0.368172, 4.500000),0.1842266,0.5,0.4277778,True
13:55:27.225,(-2.426498, -0.388014, 4.500000),0.1855695,0.5,0.4277778,True
13:55:27.226,(-2.426498, -0.388014, 4.500000),0.1855695,0.5,0.4277778,True
13:55:27.239,(-2.459568, -0.394627, 4.500000),0.1855695,0.5,0.4277778,True
13:55:27.239,(-2.459568, -0.394627, 4.500000),0.1855695,0.5,0.4277778,True
13:55:27.256,(-2.472795, -0.394627, 4.500000),0.1883775,0.5,0.4277778,True
13:55:27.256,(-2.472795, -0.394627, 4.500000),0.1883775,0.5,0.4277778,True
13:55:27.269,(-2.505865, -0.381400, 4.500000),0.1895983,0.5,0.4277778,True
13:55:27.269,(-2.505865, -0.381400, 4.500000),0.1895983,0.5,0.4277778,True
13:55:27.294,(-2.525707, -0.374786, 4.500000),0.19204,0.5,0.4333333,True
13:55:27.296,(-2.525707, -0.374786, 4.500000),0.19204,0.5,0.4333333,True
13:55:27.317,(-2.552162, -0.354944, 4.500000),0.1970455,0.5,0.4388889,True
13:55:27.317,(-2.552162, -0.354944, 4.500000),0.1970455,0.5,0.4388889,True
13:55:27.332,(-2.578617, -0.308647, 4.500000),0.1970455,0.5,0.4388889,True
13:55:27.332,(-2.578617, -0.308647, 4.500000),0.1970455,0.5,0.4388889,True
13:55:27.345,(-2.591846, -0.268964, 4.500000),0.2047369,0.5,0.4388889,True
13:55:27.345,(-2.591846, -0.268964, 4.500000),0.2047369,0.5,0.4388889,True
13:55:27.361,(-2.591846, -0.249122, 4.500000),0.2184104,0.5,0.4388889,True
13:55:27.361,(-2.591846, -0.249122, 4.500000),0.2184104,0.5,0.4388889,True
13:55:27.375,(-2.591846, -0.222667, 4.500000),0.250641,0.5,0.4388889,True
13:55:27.375,(-2.591846, -0.222667, 4.500000),0.250641,0.5,0.4388889,True
13:55:27.403,(-2.591846, -0.209439, 4.500000),0.2543035,0.5,0.4388889,True
13:55:27.403,(-2.591846, -0.209439, 4.500000),0.2543035,0.5,0.4388889,True
13:55:27.421,(-2.565389, -0.182984, 4.500000),0.2543035,0.5,0.4388889,True
13:55:27.422,(-2.565389, -0.182984, 4.500000),0.2543035,0.5,0.4388889,True
13:55:27.439,(-2.545549, -0.163142, 4.500000),0.2543035,0.5,0.4388889,True
13:55:27.439,(-2.545549, -0.163142, 4.500000),0.2543035,0.5,0.4388889,True
13:55:27.451,(-2.525707, -0.149914, 4.500000),0.2524722,0.5,0.4388889,True
13:55:27.452,(-2.525707, -0.149914, 4.500000),0.2524722,0.5,0.4388889,True
13:55:27.469,(-2.512479, -0.149914, 4.500000),0.2485655,0.5,0.4388889,True
13:55:27.469,(-2.512479, -0.149914, 4.500000),0.2485655,0.5,0.4388889,True
13:55:27.484,(-2.499250, -0.156528, 4.500000),0.2489318,0.5,0.4388889,True
13:55:27.485,(-2.499250, -0.156528, 4.500000),0.2489318,0.5,0.4388889,True
13:55:27.509,(-2.486023, -0.163142, 4.500000),0.2489318,0.5,0.4388889,True
13:55:27.509,(-2.486023, -0.163142, 4.500000),0.2489318,0.5,0.4388889,True
13:55:27.527,(-2.466182, -0.182984, 4.500000),0.2532047,0.5,0.4333333,True
13:55:27.527,(-2.466182, -0.182984, 4.500000),0.2532047,0.5,0.4333333,True
13:55:27.543,(-2.452953, -0.209439, 4.500000),0.2494201,0.5,0.4333333,True
13:55:27.543,(-2.452953, -0.209439, 4.500000),0.2494201,0.5,0.4333333,True
13:55:27.554,(-2.446340, -0.229281, 4.500000),0.2499084,0.5,0.4277778,True
13:55:27.555,(-2.446340, -0.229281, 4.500000),0.2499084,0.5,0.4277778,True
13:55:27.575,(-2.446340, -0.249122, 4.500000),0.2495422,0.5,0.4277778,True
13:55:27.575,(-2.446340, -0.249122, 4.500000),0.2495422,0.5,0.4277778,True
13:55:27.587,(-2.446340, -0.275578, 4.500000),0.2495422,0.5,0.4277778,True
13:55:27.587,(-2.446340, -0.275578, 4.500000),0.2495422,0.5,0.4277778,True
13:55:27.612,(-2.446340, -0.302033, 4.500000),0.2458796,0.5,0.4333333,True
13:55:27.613,(-2.446340, -0.302033, 4.500000),0.2458796,0.5,0.4333333,True
13:55:27.633,(-2.459569, -0.335103, 4.500000),0.2456354,0.5,0.4333333,True
13:55:27.633,(-2.459569, -0.335103, 4.500000),0.2456354,0.5,0.4333333,True
13:55:27.648,(-2.479410, -0.374786, 4.500000),0.2462459,0.5,0.4333333,True
13:55:27.649,(-2.479410, -0.374786, 4.500000),0.2462459,0.5,0.4333333,True
13:55:27.661,(-2.499250, -0.394627, 4.500000),0.2474667,0.5,0.4277778,True
13:55:27.662,(-2.499250, -0.394627, 4.500000),0.2474667,0.5,0.4277778,True
13:55:27.677,(-2.512479, -0.407855, 4.500000),0.249298,0.5,0.4277778,True
13:55:27.678,(-2.512479, -0.407855, 4.500000),0.249298,0.5,0.4277778,True
13:55:27.691,(-2.545549, -0.427697, 4.500000),0.2497863,0.5,0.4277778,True
13:55:27.691,(-2.545549, -0.427697, 4.500000),0.2497863,0.5,0.4277778,True
13:55:27.712,(-2.565389, -0.440924, 4.500000),0.2516176,0.5,0.4277778,True
13:55:27.712,(-2.565389, -0.440924, 4.500000),0.2516176,0.5,0.4277778,True
13:55:27.732,(-2.591846, -0.454152, 4.500000),0.2517397,0.5,0.4277778,True
13:55:27.732,(-2.591846, -0.454152, 4.500000),0.2517397,0.5,0.4277778,True
13:55:27.750,(-2.644755, -0.473994, 4.500000),0.2549139,0.5,0.4333333,True
13:55:27.750,(-2.644755, -0.473994, 4.500000),0.2549139,0.5,0.4333333,True
13:55:27.765,(-2.684439, -0.473994, 4.500000),0.2549139,0.5,0.4333333,True
13:55:27.766,(-2.684439, -0.473994, 4.500000),0.2549139,0.5,0.4333333,True
13:55:27.781,(-2.710894, -0.480608, 4.500000),0.2549139,0.5,0.4333333,True
13:55:27.781,(-2.710894, -0.480608, 4.500000),0.2549139,0.5,0.4333333,True
13:55:27.796,(-2.737351, -0.480608, 4.500000),0.2554023,0.5,0.4444444,True
13:55:27.796,(-2.737351, -0.480608, 4.500000),0.2554023,0.5,0.4444444,True
13:55:28.621,(-2.763806, -0.480608, 4.500000),0,0.5,0.4888889,True
13:55:28.622,(-2.763806, -0.480608, 4.500000),0,0.5,0.4888889,True
13:55:28.636,(-2.763806, -0.480608, 4.500000),0,0.5,0.4888889,True
13:55:28.636,(-2.763806, -0.480608, 4.500000),0,0.5,0.4888889,True
13:55:28.651,(-2.763806, -0.480608, 4.500000),0,0.5,0.4944444,True
13:55:28.652,(-2.763806, -0.480608, 4.500000),0,0.5,0.4944444,True
