13:46:45.665,(-2.565389, -0.063934, 4.500000),0,0,0.5,True
13:46:45.666,(-2.565389, -0.063934, 4.500000),0,0,0.5,True
13:46:45.688,(-2.486023, -0.447538, 4.500000),0,0,0.5,True
13:46:45.689,(-2.486023, -0.447538, 4.500000),0,0,0.5,True
13:46:45.700,(-2.472795, -0.440924, 4.500000),0,0,0.5,True
13:46:45.701,(-2.472795, -0.440924, 4.500000),0,0,0.5,True
13:46:45.721,(-2.472795, -0.434311, 4.500000),0,0,0.5,True
13:46:45.722,(-2.472795, -0.434311, 4.500000),0,0,0.5,True
13:46:45.741,(-2.472795, -0.414469, 4.500000),0,0,0.5,True
13:46:45.742,(-2.472795, -0.414469, 4.500000),0,0,0.5,True
13:46:45.756,(-2.466182, -0.394627, 4.500000),0,0,0.5,True
13:46:45.757,(-2.466182, -0.394627, 4.500000),0,0,0.5,True
13:46:45.769,(-2.459568, -0.374786, 4.500000),0.1751923,0,0.5,True
13:46:45.769,(-2.459568, -0.374786, 4.500000),0.1751923,0,0.5,True
13:46:45.787,(-2.446340, -0.354944, 4.500000),0.272128,0,0.5,True
13:46:45.787,(-2.446340, -0.354944, 4.500000),0.272128,0,0.5,True
13:46:45.799,(-2.419885, -0.335103, 4.500000),0.272128,0,0.5,True
13:46:45.800,(-2.419885, -0.335103, 4.500000),0.272128,0,0.5,True
13:46:45.820,(-2.406657, -0.315261, 4.500000),0.2729825,0.5,0.4944444,True
13:46:45.821,(-2.406657, -0.315261, 4.500000),0.2729825,0.5,0.4944444,True
13:46:45.843,(-2.380201, -0.295420, 4.500000),0.5955317,0.5,0.4833333,True
13:46:45.843,(-2.380201, -0.295420, 4.500000),0.5955317,0.5,0.4833333,True
13:46:45.857,(-2.347131, -0.268964, 4.500000),0.6114028,0.5,0.4777778,True
13:46:45.857,(-2.347131, -0.268964, 4.500000),0.6114028,0.5,0.4777778,True
13:46:45.868,(-2.327290, -0.249122, 4.500000),0.6114028,0.5,0.4777778,True
13:46:45.868,(-2.327290, -0.249122, 4.500000),0.6114028,0.5,0.4777778,True
13:46:45.886,(-2.300835, -0.235895, 4.500000),0.6890489,0.5,0.4722222,True
13:46:45.887,(-2.300835, -0.235895, 4.500000),0.6890489,0.5,0.4722222,True
13:46:45.899,(-2.274379, -0.222667, 4.500000),0.8486143,0.5,0.4666667,True
13:46:45.899,(-2.274379, -0.222667, 4.500000),0.8486143,0.5,0.4666667,True
13:46:45.918,(-2.254537, -0.209439, 4.500000),0.8486143,0.5,0.4666667,True
13:46:45.918,(-2.254537, -0.209439, 4.500000),0.8486143,0.5,0.4666667,True
13:46:45.938,(-2.234696, -0.209439, 4.500000),1,0.5,0.4555556,True
13:46:45.938,(-2.234696, -0.209439, 4.500000),1,0.5,0.4555556,True
13:46:45.953,(-2.201626, -0.209439, 4.500000),1,0.5,0.4555556,True
13:46:45.953,(-2.201626, -0.209439, 4.500000),1,0.5,0.4555556,True
13:46:45.967,(-2.181786, -0.209439, 4.500000),1,0.5,0.45,True
13:46:45.967,(-2.181786, -0.209439, 4.500000),1,0.5,0.45,True
13:46:45.986,(-2.168557, -0.209439, 4.500000),1,0.5,0.4444444,True
13:46:45.987,(-2.168557, -0.209439, 4.500000),1,0.5,0.4444444,True
13:46:46.000,(-2.148716, -0.229281, 4.500000),1,0.5,0.4444444,True
13:46:46.000,(-2.148716, -0.229281, 4.500000),1,0.5,0.4444444,True
13:46:46.019,(-2.135488, -0.242509, 4.500000),1,0.5,0.4444444,True
13:46:46.020,(-2.135488, -0.242509, 4.500000),1,0.5,0.4444444,True
13:46:46.039,(-2.115647, -0.262350, 4.500000),1,0.5,0.4444444,True
13:46:46.039,(-2.115647, -0.262350, 4.500000),1,0.5,0.4444444,True
13:46:46.054,(-2.102419, -0.282192, 4.500000),1,0.5,0.4444444,True
13:46:46.055,(-2.102419, -0.282192, 4.500000),1,0.5,0.4444444,True
13:46:46.067,(-2.102419, -0.295420, 4.500000),1,0.5,0.4444444,True
13:46:46.068,(-2.102419, -0.295420, 4.500000),1,0.5,0.4444444,True
13:46:46.086,(-2.102419, -0.308647, 4.500000),1,0.5141667,0.4333333,True
13:46:46.086,(-2.102419, -0.308647, 4.500000),1,0.5141667,0.4333333,True
13:46:46.099,(-2.102419, -0.328489, 4.500000),1,0.5141667,0.4333333,True
13:46:46.099,(-2.102419, -0.328489, 4.500000),1,0.5141667,0.4333333,True
13:46:46.121,(-2.102419, -0.335103, 4.500000),1,0.5141667,0.4333333,True
13:46:46.121,(-2.102419, -0.335103, 4.500000),1,0.5141667,0.4333333,True
13:46:46.142,(-2.115648, -0.354944, 4.500000),1,0.5141667,0.4333333,True
13:46:46.142,(-2.115648, -0.354944, 4.500000),1,0.5141667,0.4333333,True
13:46:46.157,(-2.142102, -0.381400, 4.500000),1,0.5141667,0.4333333,True
13:46:46.157,(-2.142102, -0.381400, 4.500000),1,0.5141667,0.4333333,True
13:46:46.169,(-2.155329, -0.394627, 4.500000),1,0.5141667,0.4333333,True
13:46:46.169,(-2.155329, -0.394627, 4.500000),1,0.5141667,0.4333333,True
13:46:46.183,(-2.175171, -0.407855, 4.500000),1,0.5286111,0.4333333,True
13:46:46.184,(-2.175171, -0.407855, 4.500000),1,0.5286111,0.4333333,True
13:46:46.200,(-2.201626, -0.421083, 4.500000),1,0.5286111,0.4333333,True
13:46:46.200,(-2.201626, -0.421083, 4.500000),1,0.5286111,0.4333333,True
13:46:46.221,(-2.228083, -0.434311, 4.500000),1,0.5286111,0.4333333,True
13:46:46.221,(-2.228083, -0.434311, 4.500000),1,0.5286111,0.4333333,True
13:46:46.239,(-2.274379, -0.454152, 4.500000),1,0.5286111,0.4333333,True
13:46:46.240,(-2.274379, -0.454152, 4.500000),1,0.5286111,0.4333333,True
13:46:46.255,(-2.333905, -0.460766, 4.500000),1,0.5286111,0.4333333,True
13:46:46.256,(-2.333905, -0.460766, 4.500000),1,0.5286111,0.4333333,True
13:46:46.267,(-2.393428, -0.473994, 4.500000),1,0.5286111,0.4333333,True
13:46:46.267,(-2.393428, -0.473994, 4.500000),1,0.5286111,0.4333333,True
13:46:46.284,(-2.406657, -0.473994, 4.500000),1,0.5313889,0.4388889,True
13:46:46.284,(-2.406657, -0.473994, 4.500000),1,0.5313889,0.4388889,True
13:46:46.300,(-2.472795, -0.480608, 4.500000),1,0.5313889,0.4388889,True
13:46:46.300,(-2.472795, -0.480608, 4.500000),1,0.5313889,0.4388889,True
13:46:46.320,(-2.538934, -0.487221, 4.500000),1,0.5197222,0.45,True
13:46:46.321,(-2.538934, -0.487221, 4.500000),1,0.5197222,0.45,True
13:46:46.342,(-2.578617, -0.487221, 4.500000),1,0.5197222,0.45,True
13:46:46.342,(-2.578617, -0.487221, 4.500000),1,0.5197222,0.45,True
13:46:46.357,(-2.657984, -0.493835, 4.500000),1,0.5,0.4555556,True
13:46:46.358,(-2.657984, -0.493835, 4.500000),1,0.5,0.4555556,True
13:46:46.368,(-2.684439, -0.500449, 4.500000),1,0.5,0.4555556,True
13:46:46.369,(-2.684439, -0.500449, 4.500000),1,0.5,0.4555556,True
13:46:46.389,(-2.710894, -0.500449, 4.500000),1,0.5,0.4555556,True
13:46:46.389,(-2.710894, -0.500449, 4.500000),1,0.5,0.4555556,True
13:46:46.402,(-2.743964, -0.500449, 4.500000),1,0.5,0.4555556,True
13:46:46.402,(-2.743964, -0.500449, 4.500000),1,0.5,0.4555556,True
13:46:46.425,(-2.757191, -0.500449, 4.500000),1,0.5,0.4555556,True
13:46:46.426,(-2.757191, -0.500449, 4.500000),1,0.5,0.4555556,True
13:46:46.787,(-2.777032, -0.500449, 4.500000),0,0,0.5,True
13:46:46.787,(-2.777032, -0.500449, 4.500000),0,0,0.5,True
13:46:46.806,(-2.525707, 0.094799, 4.500000),0,0,0.5,True
13:46:46.806,(-2.525707, 0.094799, 4.500000),0,0,0.5,True
13:46:46.821,(-2.525707, 0.108026, 4.500000),0,0,0.5,True
13:46:46.821,(-2.525707, 0.108026, 4.500000),0,0,0.5,True
13:46:46.836,(-2.525707, 0.121254, 4.500000),0,0,0.5,True
13:46:46.836,(-2.525707, 0.121254, 4.500000),0,0,0.5,True
13:46:46.849,(-2.525707, 0.121254, 4.500000),0,0,0.5,True
13:46:46.849,(-2.525707, 0.121254, 4.500000),0,0,0.5,True
13:46:46.872,(-2.519092, 0.108026, 4.500000),0,0.5,0.4888889,True
13:46:46.873,(-2.519092, 0.108026, 4.500000),0,0.5,0.4888889,True
13:46:46.893,(-2.512479, 0.081571, 4.500000),0,0.5,0.4888889,True
13:46:46.893,(-2.512479, 0.081571, 4.500000),0,0.5,0.4888889,True
13:46:46.909,(-2.505865, 0.028660, 4.500000),0,0.5,0.4888889,True
13:46:46.909,(-2.505865, 0.028660, 4.500000),0,0.5,0.4888889,True
13:46:46.920,(-2.499250, -0.011023, 4.500000),0.3049689,0.5,0.4611111,True
13:46:46.920,(-2.499250, -0.011023, 4.500000),0.3049689,0.5,0.4611111,True
13:46:46.937,(-2.499250, -0.050706, 4.500000),0.3043585,0.5,0.4611111,True
13:46:46.937,(-2.499250, -0.050706, 4.500000),0.3043585,0.5,0.4611111,True
13:46:46.955,(-2.492636, -0.090390, 4.500000),0.308021,0.5,0.4444444,True
13:46:46.955,(-2.492636, -0.090390, 4.500000),0.308021,0.5,0.4444444,True
13:46:46.975,(-2.486023, -0.156528, 4.500000),0.3087535,0.5,0.4388889,True
13:46:46.976,(-2.486023, -0.156528, 4.500000),0.3087535,0.5,0.4388889,True
13:46:46.993,(-2.472795, -0.222667, 4.500000),0.3103406,0.5,0.4333333,True
13:46:46.994,(-2.472795, -0.222667, 4.500000),0.3103406,0.5,0.4333333,True
13:46:47.008,(-2.466182, -0.288806, 4.500000),0.3155903,0.5,0.4277778,True
13:46:47.009,(-2.466182, -0.288806, 4.500000),0.3155903,0.5,0.4277778,True
13:46:47.021,(-2.459568, -0.328489, 4.500000),0.3155903,0.5,0.4277778,True
13:46:47.021,(-2.459568, -0.328489, 4.500000),0.3155903,0.5,0.4277778,True
13:46:47.035,(-2.459569, -0.354944, 4.500000),0.4371872,0.5,0.4166667,True
13:46:47.035,(-2.459569, -0.354944, 4.500000),0.4371872,0.5,0.4166667,True
13:46:47.047,(-2.452954, -0.381400, 4.500000),0.4371872,0.5,0.4166667,True
13:46:47.048,(-2.452954, -0.381400, 4.500000),0.4371872,0.5,0.4166667,True
13:46:47.072,(-2.446340, -0.401241, 4.500000),0.4371872,0.5,0.4166667,True
13:46:47.073,(-2.446340, -0.401241, 4.500000),0.4371872,0.5,0.4166667,True
13:46:47.091,(-2.439727, -0.421083, 4.500000),0.5886949,0.5,0.4222222,True
13:46:47.091,(-2.439727, -0.421083, 4.500000),0.5886949,0.5,0.4222222,True
13:46:47.397,(-2.426498, -0.421083, 4.500000),0,0,0.5,True
13:46:47.397,(-2.426498, -0.421083, 4.500000),0,0,0.5,True
13:46:47.414,(-2.300835, -0.063934, 4.500000),0,0,0.5,True
13:46:47.414,(-2.300835, -0.063934, 4.500000),0,0,0.5,True
13:46:47.435,(-2.307450, -0.050706, 4.500000),0,0,0.5,True
13:46:47.435,(-2.307450, -0.050706, 4.500000),0,0,0.5,True
13:46:47.446,(-2.314063, -0.050706, 4.500000),0,0,0.5,True
13:46:47.447,(-2.314063, -0.050706, 4.500000),0,0,0.5,True
13:46:47.470,(-2.320676, -0.057320, 4.500000),0,0,0.5,True
13:46:47.471,(-2.320676, -0.057320, 4.500000),0,0,0.5,True
13:46:48.821,(-2.327290, -0.063934, 4.500000),0,0,0.5,True
13:46:48.821,(-2.327290, -0.063934, 4.500000),0,0,0.5,True
13:46:48.832,(-2.327290, -0.063934, 4.500000),0,0,0.5,True
13:46:48.832,(-2.327290, -0.063934, 4.500000),0,0,0.5,True
13:46:48.849,(-2.327290, -0.063934, 4.500000),0,0,0.5,True
13:46:48.849,(-2.327290, -0.063934, 4.500000),0,0,0.5,True
13:46:48.865,(-2.327290, -0.063934, 4.500000),0,0,0.5,True
13:46:48.865,(-2.327290, -0.063934, 4.500000),0,0,0.5,True
