14:07:32.436,(-2.327290, 0.061729, 4.500000),0,0,0.5,True
14:07:32.436,(-2.327290, 0.061729, 4.500000),0,0,0.5,True
14:07:32.457,(-2.102419, -0.473994, 4.500000),0,0,0.5,True
14:07:32.457,(-2.102419, -0.473994, 4.500000),0,0,0.5,True
14:07:32.470,(-2.102419, -0.473994, 4.500000),0,0,0.5,True
14:07:32.470,(-2.102419, -0.473994, 4.500000),0,0,0.5,True
14:07:32.493,(-2.102419, -0.460766, 4.500000),0,0,0.5,True
14:07:32.493,(-2.102419, -0.460766, 4.500000),0,0,0.5,True
14:07:32.514,(-2.102419, -0.434311, 4.500000),0,0,0.5,True
14:07:32.515,(-2.102419, -0.434311, 4.500000),0,0,0.5,True
14:07:32.530,(-2.095805, -0.388014, 4.500000),0.2145037,0,0.5,True
14:07:32.530,(-2.095805, -0.388014, 4.500000),0.2145037,0,0.5,True
14:07:32.544,(-2.082577, -0.361558, 4.500000),0.222073,0,0.5,True
14:07:32.544,(-2.082577, -0.361558, 4.500000),0.222073,0,0.5,True
14:07:32.562,(-2.075964, -0.328489, 4.500000),0.2129166,0,0.5,True
14:07:32.562,(-2.075964, -0.328489, 4.500000),0.2129166,0,0.5,True
14:07:32.576,(-2.049507, -0.282192, 4.500000),0.2188988,0,0.5,True
14:07:32.577,(-2.049507, -0.282192, 4.500000),0.2188988,0,0.5,True
14:07:32.595,(-2.029665, -0.249122, 4.500000),0.2709071,0,0.5,True
14:07:32.596,(-2.029665, -0.249122, 4.500000),0.2709071,0,0.5,True
14:07:32.616,(-1.996597, -0.209439, 4.500000),0.48419,0,0.5,True
14:07:32.616,(-1.996597, -0.209439, 4.500000),0.48419,0,0.5,True
14:07:32.629,(-1.956913, -0.182984, 4.500000),0.6200708,0,0.5,True
14:07:32.629,(-1.956913, -0.182984, 4.500000),0.6200708,0,0.5,True
14:07:32.641,(-1.930458, -0.169756, 4.500000),0.6200708,0,0.5,True
14:07:32.642,(-1.930458, -0.169756, 4.500000),0.6200708,0,0.5,True
14:07:32.656,(-1.904003, -0.156528, 4.500000),0.772189,0,0.5,True
14:07:32.656,(-1.904003, -0.156528, 4.500000),0.772189,0,0.5,True
14:07:32.675,(-1.870933, -0.156528, 4.500000),0.772189,0,0.5,True
14:07:32.675,(-1.870933, -0.156528, 4.500000),0.772189,0,0.5,True
14:07:32.702,(-1.831250, -0.156528, 4.500000),0.9617873,0,0.5,True
14:07:32.702,(-1.831250, -0.156528, 4.500000),0.9617873,0,0.5,True
14:07:32.721,(-1.791566, -0.182984, 4.500000),0.9559273,0,0.5,True
14:07:32.721,(-1.791566, -0.182984, 4.500000),0.9559273,0,0.5,True
14:07:32.738,(-1.765111, -0.202825, 4.500000),0.9586131,0,0.5,True
14:07:32.739,(-1.765111, -0.202825, 4.500000),0.9586131,0,0.5,True
14:07:32.750,(-1.745270, -0.222667, 4.500000),0.9586131,0,0.5,True
14:07:32.752,(-1.745270, -0.222667, 4.500000),0.9586131,0,0.5,True
14:07:32.767,(-1.738656, -0.249122, 4.500000),0.9586131,0,0.5,True
14:07:32.768,(-1.738656, -0.249122, 4.500000),0.9586131,0,0.5,True
14:07:32.785,(-1.725428, -0.275578, 4.500000),0.9525089,0,0.5,True
14:07:32.785,(-1.725428, -0.275578, 4.500000),0.9525089,0,0.5,True
14:07:32.806,(-1.732043, -0.295420, 4.500000),0.9511659,0,0.5,True
14:07:32.806,(-1.732043, -0.295420, 4.500000),0.9511659,0,0.5,True
14:07:32.828,(-1.738656, -0.315261, 4.500000),0.9503113,0,0.5,True
14:07:32.828,(-1.738656, -0.315261, 4.500000),0.9503113,0,0.5,True
14:07:32.842,(-1.778340, -0.348330, 4.500000),0.9475033,0,0.5,True
14:07:32.843,(-1.778340, -0.348330, 4.500000),0.9475033,0,0.5,True
14:07:32.855,(-1.811408, -0.361558, 4.500000),0.9475033,0,0.5,True
14:07:32.856,(-1.811408, -0.361558, 4.500000),0.9475033,0,0.5,True
14:07:32.871,(-1.851091, -0.374786, 4.500000),0.9495788,0,0.5,True
14:07:32.871,(-1.851091, -0.374786, 4.500000),0.9495788,0,0.5,True
14:07:32.886,(-1.917230, -0.388014, 4.500000),0.9522647,0,0.5,True
14:07:32.886,(-1.917230, -0.388014, 4.500000),0.9522647,0,0.5,True
14:07:32.906,(-1.970142, -0.394627, 4.500000),0.9571481,0,0.5,True
14:07:32.907,(-1.970142, -0.394627, 4.500000),0.9571481,0,0.5,True
14:07:32.928,(-2.016439, -0.407855, 4.500000),0.9866927,0,0.5,True
14:07:32.929,(-2.016439, -0.407855, 4.500000),0.9866927,0,0.5,True
14:07:32.945,(-2.115647, -0.421083, 4.500000),0.9995117,0,0.5,True
14:07:32.945,(-2.115647, -0.421083, 4.500000),0.9995117,0,0.5,True
14:07:32.959,(-2.181786, -0.434311, 4.500000),1,0,0.5,True
14:07:32.959,(-2.181786, -0.434311, 4.500000),1,0,0.5,True
14:07:32.974,(-2.228083, -0.440924, 4.500000),1,0,0.5,True
14:07:32.975,(-2.228083, -0.440924, 4.500000),1,0,0.5,True
14:07:32.986,(-2.274379, -0.440924, 4.500000),1,0,0.5,True
14:07:32.986,(-2.274379, -0.440924, 4.500000),1,0,0.5,True
14:07:33.009,(-2.307450, -0.440924, 4.500000),1,0,0.5,True
14:07:33.010,(-2.307450, -0.440924, 4.500000),1,0,0.5,True
14:07:33.030,(-2.353746, -0.440924, 4.500000),1,0,0.5,True
14:07:33.030,(-2.353746, -0.440924, 4.500000),1,0,0.5,True
14:07:33.353,(-2.393428, -0.434311, 4.500000),0,0,0.5,True
14:07:33.354,(-2.393428, -0.434311, 4.500000),0,0,0.5,True
14:07:33.370,(-2.128874, 0.293215, 4.500000),0,0,0.5,True
14:07:33.370,(-2.128874, 0.293215, 4.500000),0,0,0.5,True
14:07:33.393,(-2.115647, 0.306443, 4.500000),0,0,0.5,True
14:07:33.393,(-2.115647, 0.306443, 4.500000),0,0,0.5,True
14:07:33.405,(-2.115647, 0.299829, 4.500000),0,0,0.5,True
14:07:33.406,(-2.115647, 0.299829, 4.500000),0,0,0.5,True
14:07:33.425,(-2.102419, 0.266759, 4.500000),0,0,0.5,True
14:07:33.426,(-2.102419, 0.266759, 4.500000),0,0,0.5,True
14:07:33.447,(-2.102419, 0.233690, 4.500000),0,0,0.5,True
14:07:33.447,(-2.102419, 0.233690, 4.500000),0,0,0.5,True
14:07:33.463,(-2.095806, 0.147710, 4.500000),0.426932,0,0.5,True
14:07:33.463,(-2.095806, 0.147710, 4.500000),0.426932,0,0.5,True
14:07:33.475,(-2.082577, 0.068343, 4.500000),0.426932,0,0.5,True
14:07:33.475,(-2.082577, 0.068343, 4.500000),0.426932,0,0.5,True
14:07:33.492,(-2.075964, 0.035274, 4.500000),0.426932,0,0.5,True
14:07:33.492,(-2.075964, 0.035274, 4.500000),0.426932,0,0.5,True
14:07:33.505,(-2.062736, -0.063934, 4.500000),0.426932,0,0.5,True
14:07:33.506,(-2.062736, -0.063934, 4.500000),0.426932,0,0.5,True
14:07:33.527,(-2.056123, -0.130073, 4.500000),0.4214382,0.5,0.4888889,True
14:07:33.527,(-2.056123, -0.130073, 4.500000),0.4214382,0.5,0.4888889,True
14:07:33.546,(-2.049507, -0.209439, 4.500000),0.5040898,0.5,0.4888889,True
14:07:33.546,(-2.049507, -0.209439, 4.500000),0.5040898,0.5,0.4888889,True
14:07:33.560,(-2.049507, -0.268964, 4.500000),0.5867416,0.5,0.4888889,True
14:07:33.560,(-2.049507, -0.268964, 4.500000),0.5867416,0.5,0.4888889,True
14:07:33.821,(-2.049507, -0.288806, 4.500000),0,0,0.5,True
14:07:33.821,(-2.049507, -0.288806, 4.500000),0,0,0.5,True
14:07:33.842,(-1.910617, 0.055116, 4.500000),0,0,0.5,True
14:07:33.843,(-1.910617, 0.055116, 4.500000),0,0,0.5,True
14:07:33.855,(-1.910617, 0.055116, 4.500000),0,0,0.5,True
14:07:33.855,(-1.910617, 0.055116, 4.500000),0,0,0.5,True
14:07:33.875,(-1.910617, 0.061729, 4.500000),0,0,0.5,True
14:07:33.875,(-1.910617, 0.061729, 4.500000),0,0,0.5,True
14:07:33.895,(-1.910617, 0.055116, 4.500000),0,0,0.5,True
14:07:33.895,(-1.910617, 0.055116, 4.500000),0,0,0.5,True
14:07:34.620,(-1.910617, 0.041888, 4.500000),0,0,0.5,True
14:07:34.621,(-1.910617, 0.041888, 4.500000),0,0,0.5,True
14:07:34.634,(-1.910617, 0.041888, 4.500000),0,0,0.5,True
14:07:34.635,(-1.910617, 0.041888, 4.500000),0,0,0.5,True
14:07:34.652,(-1.910617, 0.041888, 4.500000),0,0,0.5,True
14:07:34.653,(-1.910617, 0.041888, 4.500000),0,0,0.5,True
14:07:34.666,(-1.910617, 0.041888, 4.500000),0,0,0.5,True
14:07:34.667,(-1.910617, 0.041888, 4.500000),0,0,0.5,True
14:07:34.684,(-1.910617, 0.041888, 4.500000),0,0,0.5,True
14:07:34.684,(-1.910617, 0.041888, 4.500000),0,0,0.5,True
