13:42:52.282,(-2.565389, -0.017637, 4.500000),0,0,0.5,False
13:42:52.282,(-2.565389, -0.017637, 4.500000),0,0,0.5,False
13:42:52.305,(-2.353746, -0.579816, 4.500000),0,0,0.5,False
13:42:52.305,(-2.353746, -0.579816, 4.500000),0,0,0.5,False
13:42:52.317,(-2.360360, -0.579816, 4.500000),0,0,0.5,False
13:42:52.318,(-2.360360, -0.579816, 4.500000),0,0,0.5,False
13:42:52.337,(-2.360360, -0.579816, 4.500000),0,0,0.5,False
13:42:52.337,(-2.360360, -0.579816, 4.500000),0,0,0.5,False
13:42:52.358,(-2.366973, -0.579816, 4.500000),0,0.5,0.4888889,False
13:42:52.358,(-2.366973, -0.579816, 4.500000),0,0.5,0.4888889,False
13:42:52.373,(-2.360360, -0.566588, 4.500000),0.06409474,0.5,0.4888889,False
13:42:52.373,(-2.360360, -0.566588, 4.500000),0.06409474,0.5,0.4888889,False
13:42:52.386,(-2.353746, -0.546746, 4.500000),0.06409474,0.5,0.4888889,False
13:42:52.387,(-2.353746, -0.546746, 4.500000),0.06409474,0.5,0.4888889,False
13:42:52.402,(-2.347131, -0.526905, 4.500000),0.06592602,0.5388889,0.4722222,False
13:42:52.402,(-2.347131, -0.526905, 4.500000),0.06592602,0.5388889,0.4722222,False
13:42:52.414,(-2.333905, -0.500449, 4.500000),0.09424978,0.5313889,0.4666667,False
13:42:52.414,(-2.333905, -0.500449, 4.500000),0.09424978,0.5313889,0.4666667,False
13:42:52.438,(-2.320676, -0.480608, 4.500000),0.09424978,0.5313889,0.4666667,False
13:42:52.439,(-2.320676, -0.480608, 4.500000),0.09424978,0.5313889,0.4666667,False
13:42:52.459,(-2.294221, -0.434311, 4.500000),0.3126602,0.5511111,0.4444444,False
13:42:52.460,(-2.294221, -0.434311, 4.500000),0.3126602,0.5511111,0.4444444,False
13:42:52.476,(-2.247925, -0.374786, 4.500000),0.4220486,0.5605556,0.4388889,False
13:42:52.476,(-2.247925, -0.374786, 4.500000),0.4220486,0.5605556,0.4388889,False
13:42:52.487,(-2.221467, -0.348330, 4.500000),0.4419485,0.5552778,0.4333333,False
13:42:52.487,(-2.221467, -0.348330, 4.500000),0.4419485,0.5552778,0.4333333,False
13:42:52.504,(-2.195013, -0.315261, 4.500000),0.4585521,0.5627778,0.4277778,False
13:42:52.504,(-2.195013, -0.315261, 4.500000),0.4585521,0.5627778,0.4277778,False
13:42:52.515,(-2.168558, -0.288806, 4.500000),0.4585521,0.5627778,0.4277778,False
13:42:52.516,(-2.168558, -0.288806, 4.500000),0.4585521,0.5627778,0.4277778,False
13:42:52.539,(-2.135488, -0.268964, 4.500000),0.4666097,0.5736111,0.4111111,False
13:42:52.539,(-2.135488, -0.268964, 4.500000),0.4666097,0.5736111,0.4111111,False
13:42:52.559,(-2.095806, -0.249122, 4.500000),0.466976,0.5694444,0.4055555,False
13:42:52.560,(-2.095806, -0.249122, 4.500000),0.466976,0.5694444,0.4055555,False
13:42:52.575,(-2.049507, -0.242509, 4.500000),0.4647784,0.5777778,0.4055555,False
13:42:52.575,(-2.049507, -0.242509, 4.500000),0.4647784,0.5777778,0.4055555,False
13:42:52.586,(-2.023052, -0.249122, 4.500000),0.4647784,0.5777778,0.4055555,False
13:42:52.586,(-2.023052, -0.249122, 4.500000),0.4647784,0.5777778,0.4055555,False
13:42:52.607,(-2.009826, -0.262350, 4.500000),0.4618484,0.5772222,0.3888889,False
13:42:52.607,(-2.009826, -0.262350, 4.500000),0.4618484,0.5772222,0.3888889,False
13:42:52.619,(-1.983369, -0.282192, 4.500000),0.4606275,0.5772222,0.3888889,False
13:42:52.619,(-1.983369, -0.282192, 4.500000),0.4606275,0.5772222,0.3888889,False
13:42:52.646,(-1.970142, -0.302033, 4.500000),0.4594067,0.5844445,0.3888889,False
13:42:52.647,(-1.970142, -0.302033, 4.500000),0.4594067,0.5844445,0.3888889,False
13:42:52.666,(-1.956913, -0.328489, 4.500000),0.4579417,0.5805556,0.3833333,False
13:42:52.666,(-1.956913, -0.328489, 4.500000),0.4579417,0.5805556,0.3833333,False
13:42:52.681,(-1.956913, -0.368172, 4.500000),0.4579417,0.5805556,0.3833333,False
13:42:52.681,(-1.956913, -0.368172, 4.500000),0.4579417,0.5805556,0.3833333,False
13:42:52.695,(-1.956914, -0.381400, 4.500000),0.4585521,0.5833333,0.3777778,False
13:42:52.696,(-1.956914, -0.381400, 4.500000),0.4585521,0.5833333,0.3777778,False
13:42:52.713,(-1.970142, -0.401241, 4.500000),0.4601392,0.5833333,0.3777778,False
13:42:52.714,(-1.970142, -0.401241, 4.500000),0.4601392,0.5833333,0.3777778,False
13:42:52.727,(-1.983368, -0.421083, 4.500000),0.4606275,0.5833333,0.3777778,False
13:42:52.728,(-1.983368, -0.421083, 4.500000),0.4606275,0.5833333,0.3777778,False
13:42:52.753,(-2.009826, -0.434311, 4.500000),0.4609938,0.5833333,0.3777778,False
13:42:52.754,(-2.009826, -0.434311, 4.500000),0.4609938,0.5833333,0.3777778,False
13:42:52.772,(-2.042894, -0.454152, 4.500000),0.4592846,0.5858333,0.3666667,False
13:42:52.773,(-2.042894, -0.454152, 4.500000),0.4592846,0.5858333,0.3666667,False
13:42:52.787,(-2.115648, -0.473994, 4.500000),0.4592846,0.5858333,0.3666667,False
13:42:52.787,(-2.115648, -0.473994, 4.500000),0.4592846,0.5858333,0.3666667,False
13:42:52.799,(-2.168558, -0.480608, 4.500000),0.457087,0.5894445,0.3722222,False
13:42:52.799,(-2.168558, -0.480608, 4.500000),0.457087,0.5894445,0.3722222,False
13:42:52.816,(-2.208241, -0.487221, 4.500000),0.457087,0.5894445,0.3722222,False
13:42:52.817,(-2.208241, -0.487221, 4.500000),0.457087,0.5894445,0.3722222,False
13:42:52.831,(-2.261151, -0.493835, 4.500000),0.457087,0.5894445,0.3722222,False
13:42:52.831,(-2.261151, -0.493835, 4.500000),0.457087,0.5894445,0.3722222,False
13:42:52.857,(-2.327290, -0.507063, 4.500000),0.457087,0.5894445,0.3722222,False
13:42:52.858,(-2.327290, -0.507063, 4.500000),0.457087,0.5894445,0.3722222,False
13:42:52.879,(-2.380201, -0.513677, 4.500000),0.4581858,0.5933333,0.3777778,False
13:42:52.879,(-2.380201, -0.513677, 4.500000),0.4581858,0.5933333,0.3777778,False
13:42:52.896,(-2.446340, -0.526905, 4.500000),0.4581858,0.5933333,0.3777778,False
13:42:52.897,(-2.446340, -0.526905, 4.500000),0.4581858,0.5933333,0.3777778,False
13:42:52.908,(-2.472795, -0.526905, 4.500000),0.4581858,0.5933333,0.3777778,False
13:42:52.908,(-2.472795, -0.526905, 4.500000),0.4581858,0.5933333,0.3777778,False
13:42:52.924,(-2.486023, -0.526905, 4.500000),0.4594067,0.5977778,0.3833333,False
13:42:52.924,(-2.486023, -0.526905, 4.500000),0.4594067,0.5977778,0.3833333,False
13:42:52.938,(-2.505865, -0.520291, 4.500000),0.4590404,0.5913889,0.3833333,False
13:42:52.938,(-2.505865, -0.520291, 4.500000),0.4590404,0.5913889,0.3833333,False
13:42:53.217,(-2.512479, -0.513677, 4.500000),0,0.5225,0.4555556,False
13:42:53.217,(-2.512479, -0.513677, 4.500000),0,0.5225,0.4555556,False
13:42:53.235,(-2.327290, 0.041888, 4.500000),0,0.5225,0.4555556,False
13:42:53.235,(-2.327290, 0.041888, 4.500000),0,0.5225,0.4555556,False
13:42:53.256,(-2.333905, 0.055116, 4.500000),0,0.5225,0.4555556,False
13:42:53.256,(-2.333905, 0.055116, 4.500000),0,0.5225,0.4555556,False
13:42:53.266,(-2.340518, 0.061729, 4.500000),0,0.5,0.4666667,False
13:42:53.266,(-2.340518, 0.061729, 4.500000),0,0.5,0.4666667,False
13:42:53.288,(-2.340518, 0.061729, 4.500000),0,0.5,0.4666667,False
13:42:53.289,(-2.340518, 0.061729, 4.500000),0,0.5,0.4666667,False
13:42:53.303,(-2.327290, 0.055116, 4.500000),0.03271884,0.5197222,0.45,False
13:42:53.303,(-2.327290, 0.055116, 4.500000),0.03271884,0.5197222,0.45,False
13:42:53.322,(-2.314063, 0.028660, 4.500000),0.03760225,0.5313889,0.4388889,False
13:42:53.323,(-2.314063, 0.028660, 4.500000),0.03760225,0.5313889,0.4388889,False
13:42:53.345,(-2.307450, -0.004409, 4.500000),0.04150897,0.5358334,0.4222222,False
13:42:53.345,(-2.307450, -0.004409, 4.500000),0.04150897,0.5358334,0.4222222,False
13:42:53.360,(-2.287608, -0.077162, 4.500000),0.04150897,0.5358334,0.4222222,False
13:42:53.360,(-2.287608, -0.077162, 4.500000),0.04150897,0.5358334,0.4222222,False
13:42:53.373,(-2.274379, -0.130073, 4.500000),0.05982175,0.5452778,0.4,False
13:42:53.373,(-2.274379, -0.130073, 4.500000),0.06299597,0.5538889,0.3944444,False
13:42:53.396,(-2.261151, -0.182984, 4.500000),0.06299597,0.5538889,0.3944444,False
13:42:53.397,(-2.261151, -0.182984, 4.500000),0.06299597,0.5538889,0.3944444,False
13:42:53.409,(-2.247925, -0.255736, 4.500000),0.07154194,0.5561111,0.3833333,False
13:42:53.409,(-2.247925, -0.255736, 4.500000),0.07154194,0.5561111,0.3833333,False
13:42:53.435,(-2.241309, -0.315261, 4.500000),0.07532658,0.5605556,0.3777778,False
13:42:53.436,(-2.241309, -0.315261, 4.500000),0.07532658,0.5605556,0.3777778,False
13:42:53.633,(-2.234696, -0.368172, 4.500000),0,0.5655556,0.4,False
13:42:53.634,(-2.234696, -0.368172, 4.500000),0,0.5655556,0.4,False
13:42:53.653,(-2.181786, -0.116845, 4.500000),0,0.5627778,0.4277778,False
13:42:53.654,(-2.181786, -0.116845, 4.500000),0,0.5627778,0.4277778,False
13:42:53.670,(-2.181786, -0.103617, 4.500000),0,0.5605556,0.4388889,False
13:42:53.670,(-2.181786, -0.103617, 4.500000),0,0.5605556,0.4388889,False
13:42:53.691,(-2.181786, -0.090390, 4.500000),0,0.5388889,0.45,False
13:42:53.691,(-2.181786, -0.090390, 4.500000),0,0.5388889,0.45,False
13:42:53.703,(-2.181786, -0.090390, 4.500000),0,0.5388889,0.45,False
13:42:53.703,(-2.181786, -0.090390, 4.500000),0,0.5388889,0.45,False
13:42:53.723,(-2.175171, -0.103617, 4.500000),0,0.5388889,0.45,False
13:42:53.724,(-2.175171, -0.103617, 4.500000),0,0.5388889,0.45,False
13:42:54.534,(-2.168557, -0.103617, 4.500000),0,0.75,0.4666667,False
13:42:54.534,(-2.168557, -0.103617, 4.500000),0,0.75,0.4666667,False
13:42:54.547,(-2.168557, -0.103617, 4.500000),0,0.75,0.4666667,False
13:42:54.547,(-2.168557, -0.103617, 4.500000),0,0.75,0.4666667,False
13:42:54.563,(-2.168557, -0.103617, 4.500000),0,0.75,0.4666667,False
13:42:54.564,(-2.168557, -0.103617, 4.500000),0,0.75,0.4666667,False
13:42:54.580,(-2.168557, -0.103617, 4.500000),0,0.7055556,0.4555556,False
13:42:54.581,(-2.168557, -0.103617, 4.500000),0,0.7055556,0.4555556,False
