14:01:48.635,(-2.505865, -0.004409, 4.500000),0,0,0.5,True
14:01:48.635,(-2.505865, -0.004409, 4.500000),0,0,0.5,True
14:01:48.660,(-2.591846, -0.513677, 4.500000),0,0,0.5,True
14:01:48.660,(-2.591846, -0.513677, 4.500000),0,0,0.5,True
14:01:48.673,(-2.578617, -0.500449, 4.500000),0,0,0.5,True
14:01:48.673,(-2.578617, -0.500449, 4.500000),0,0,0.5,True
14:01:48.693,(-2.558775, -0.473994, 4.500000),0,0,0.5,True
14:01:48.693,(-2.558775, -0.473994, 4.500000),0,0,0.5,True
14:01:48.715,(-2.545549, -0.460766, 4.500000),0,0,0.5,True
14:01:48.716,(-2.545549, -0.460766, 4.500000),0,0,0.5,True
14:01:48.732,(-2.512479, -0.414469, 4.500000),0.08350629,0,0.5,True
14:01:48.733,(-2.512479, -0.414469, 4.500000),0.08350629,0,0.5,True
14:01:48.746,(-2.486023, -0.381400, 4.500000),0.08350629,0,0.5,True
14:01:48.746,(-2.486023, -0.381400, 4.500000),0.08350629,0,0.5,True
14:01:48.764,(-2.466182, -0.368172, 4.500000),0.09254059,0.5,0.4944444,True
14:01:48.764,(-2.466182, -0.368172, 4.500000),0.09254059,0.5,0.4944444,True
14:01:48.777,(-2.433112, -0.328489, 4.500000),0.09315102,0.5,0.4944444,True
14:01:48.777,(-2.433112, -0.328489, 4.500000),0.09315102,0.5,0.4944444,True
14:01:48.797,(-2.419885, -0.321875, 4.500000),0.09315102,0.5,0.4944444,True
14:01:48.798,(-2.419885, -0.321875, 4.500000),0.09315102,0.5,0.4944444,True
14:01:48.820,(-2.386815, -0.288806, 4.500000),0.1179343,0.5,0.4944444,True
14:01:48.820,(-2.386815, -0.288806, 4.500000),0.1179343,0.5,0.4944444,True
14:01:48.836,(-2.340518, -0.262350, 4.500000),0.1179343,0.5,0.4944444,True
14:01:48.836,(-2.340518, -0.262350, 4.500000),0.1179343,0.5,0.4944444,True
14:01:48.849,(-2.314063, -0.249122, 4.500000),0.1179343,0.5,0.4944444,True
14:01:48.849,(-2.314063, -0.249122, 4.500000),0.1179343,0.5,0.4944444,True
14:01:48.865,(-2.280993, -0.249122, 4.500000),0.1179343,0.5,0.4944444,True
14:01:48.865,(-2.280993, -0.249122, 4.500000),0.1179343,0.5,0.4944444,True
14:01:48.878,(-2.261151, -0.249122, 4.500000),0.1179343,0.5,0.4944444,True
14:01:48.879,(-2.261151, -0.249122, 4.500000),0.1179343,0.5,0.4944444,True
14:01:48.900,(-2.234696, -0.262350, 4.500000),0.18618,0.5,0.4722222,True
14:01:48.901,(-2.234696, -0.262350, 4.500000),0.18618,0.5,0.4722222,True
14:01:48.923,(-2.208241, -0.288806, 4.500000),0.1950922,0.5,0.4611111,True
14:01:48.923,(-2.208241, -0.288806, 4.500000),0.1950922,0.5,0.4611111,True
14:01:48.938,(-2.175171, -0.321875, 4.500000),0.1950922,0.5,0.4611111,True
14:01:48.938,(-2.175171, -0.321875, 4.500000),0.1950922,0.5,0.4611111,True
14:01:48.951,(-2.155329, -0.354944, 4.500000),0.1961909,0.5,0.4555556,True
14:01:48.951,(-2.155329, -0.354944, 4.500000),0.1961909,0.5,0.4555556,True
14:01:48.967,(-2.155329, -0.374786, 4.500000),0.1981443,0.5,0.4444444,True
14:01:48.968,(-2.155329, -0.374786, 4.500000),0.1981443,0.5,0.4444444,True
14:01:48.981,(-2.148716, -0.394627, 4.500000),0.1986326,0.5,0.4444444,True
14:01:48.982,(-2.148716, -0.394627, 4.500000),0.1986326,0.5,0.4444444,True
14:01:49.008,(-2.155329, -0.407855, 4.500000),0.1998535,0.5,0.4388889,True
14:01:49.009,(-2.155329, -0.407855, 4.500000),0.1998535,0.5,0.4388889,True
14:01:49.028,(-2.181786, -0.434311, 4.500000),0.200586,0.5,0.4388889,True
14:01:49.029,(-2.181786, -0.434311, 4.500000),0.200586,0.5,0.4388889,True
14:01:49.046,(-2.234696, -0.447538, 4.500000),0.2015627,0.5,0.4388889,True
14:01:49.046,(-2.234696, -0.447538, 4.500000),0.2015627,0.5,0.4388889,True
14:01:49.058,(-2.300835, -0.460766, 4.500000),0.2008302,0.5,0.4444444,True
14:01:49.058,(-2.300835, -0.460766, 4.500000),0.2008302,0.5,0.4444444,True
14:01:49.076,(-2.353746, -0.460766, 4.500000),0.2008302,0.5,0.4444444,True
14:01:49.077,(-2.353746, -0.460766, 4.500000),0.2008302,0.5,0.4444444,True
14:01:49.089,(-2.446340, -0.467380, 4.500000),0.2025394,0.5,0.45,True
14:01:49.089,(-2.446340, -0.467380, 4.500000),0.2025394,0.5,0.45,True
14:01:49.109,(-2.499250, -0.473994, 4.500000),0.2019289,0.5,0.4555556,True
14:01:49.109,(-2.499250, -0.473994, 4.500000),0.2019289,0.5,0.4555556,True
14:01:49.131,(-2.565388, -0.473994, 4.500000),0.2246368,0.5,0.4555556,True
14:01:49.131,(-2.565388, -0.473994, 4.500000),0.2246368,0.5,0.4555556,True
14:01:49.147,(-2.671212, -0.487221, 4.500000),0.2246368,0.5,0.4555556,True
14:01:49.147,(-2.671212, -0.487221, 4.500000),0.2246368,0.5,0.4555556,True
14:01:49.160,(-2.710894, -0.487221, 4.500000),0.273593,0.5,0.4611111,True
14:01:49.161,(-2.710894, -0.487221, 4.500000),0.273593,0.5,0.4611111,True
14:01:49.179,(-2.743964, -0.493835, 4.500000),0.279331,0.5,0.4666667,True
14:01:49.179,(-2.743964, -0.493835, 4.500000),0.279331,0.5,0.4666667,True
14:01:49.193,(-2.783648, -0.500449, 4.500000),0.2784764,0.5,0.4666667,True
14:01:49.193,(-2.783648, -0.500449, 4.500000),0.2784764,0.5,0.4666667,True
14:01:49.220,(-2.796874, -0.507063, 4.500000),0.2784764,0.5,0.4666667,True
14:01:49.221,(-2.796874, -0.507063, 4.500000),0.2784764,0.5,0.4666667,True
14:01:49.492,(-2.803489, -0.513677, 4.500000),0,0.5,0.4944444,True
14:01:49.492,(-2.803489, -0.513677, 4.500000),0,0.5,0.4944444,True
14:01:49.511,(-2.525707, 0.055116, 4.500000),0,0,0.5,True
14:01:49.511,(-2.525707, 0.055116, 4.500000),0,0,0.5,True
14:01:49.521,(-2.525707, 0.074957, 4.500000),0,0,0.5,True
14:01:49.521,(-2.525707, 0.074957, 4.500000),0,0,0.5,True
14:01:49.538,(-2.525707, 0.074957, 4.500000),0,0,0.5,True
14:01:49.538,(-2.525707, 0.074957, 4.500000),0,0,0.5,True
14:01:49.551,(-2.525707, 0.055116, 4.500000),0,0,0.5,True
14:01:49.552,(-2.525707, 0.055116, 4.500000),0,0,0.5,True
14:01:49.577,(-2.525707, 0.028660, 4.500000),0,0,0.5,True
14:01:49.578,(-2.525707, 0.028660, 4.500000),0.1545599,0.5,0.4944444,True
14:01:49.598,(-2.512479, -0.024251, 4.500000),0.1545599,0.5,0.4944444,True
14:01:49.599,(-2.512479, -0.024251, 4.500000),0.1545599,0.5,0.4944444,True
14:01:49.612,(-2.492637, -0.116845, 4.500000),0.176169,0.5,0.4722222,True
14:01:49.613,(-2.492637, -0.116845, 4.500000),0.176169,0.5,0.4722222,True
14:01:49.624,(-2.479410, -0.156528, 4.500000),0.176169,0.5,0.4722222,True
14:01:49.625,(-2.479410, -0.156528, 4.500000),0.176169,0.5,0.4722222,True
14:01:49.641,(-2.472795, -0.209439, 4.500000),0.1773898,0.5,0.4611111,True
14:01:49.641,(-2.472795, -0.209439, 4.500000),0.1767794,0.5,0.4611111,True
14:01:49.654,(-2.459569, -0.255736, 4.500000),0.1767794,0.5,0.4611111,True
14:01:49.655,(-2.459569, -0.255736, 4.500000),0.1767794,0.5,0.4611111,True
14:01:49.887,(-2.459569, -0.315261, 4.500000),0,0.5,0.4666667,True
14:01:49.887,(-2.459569, -0.315261, 4.500000),0,0.5,0.4666667,True
14:01:49.904,(-2.300835, -0.090390, 4.500000),0,0.5,0.4777778,True
14:01:49.905,(-2.300835, -0.090390, 4.500000),0,0.5,0.4777778,True
14:01:49.925,(-2.294221, -0.077162, 4.500000),0,0.5,0.4888889,True
14:01:49.925,(-2.294221, -0.077162, 4.500000),0,0.5,0.4888889,True
14:01:49.939,(-2.294221, -0.070548, 4.500000),0,0.5,0.4888889,True
14:01:49.940,(-2.294221, -0.070548, 4.500000),0,0.5,0.4888889,True
14:01:50.671,(-2.300835, -0.077162, 4.500000),0,0,0.5,True
14:01:50.671,(-2.300835, -0.077162, 4.500000),0,0,0.5,True
14:01:50.683,(-2.300835, -0.077162, 4.500000),0,0,0.5,True
14:01:50.683,(-2.300835, -0.077162, 4.500000),0,0,0.5,True
14:01:50.700,(-2.300835, -0.077162, 4.500000),0,0,0.5,True
14:01:50.701,(-2.300835, -0.077162, 4.500000),0,0,0.5,True
