13:23:51.295,(-0.925151, -0.024251, 4.500000),0,0.5,0.4888889,True
13:23:51.323,(-0.792874, -0.526905, 4.500000),0,0.5,0.4777778,True
13:23:51.335,(-0.792874, -0.526905, 4.500000),0,0.5,0.4777778,True
13:23:51.351,(-0.792874, -0.526905, 4.500000),0,0.5313889,0.4666667,True
13:23:51.363,(-0.792874, -0.520291, 4.500000),0,0.5313889,0.4666667,True
13:23:51.383,(-0.786259, -0.513677, 4.500000),0,0.5441667,0.4555556,True
13:23:51.405,(-0.779645, -0.513677, 4.500000),0.1496765,0.5663889,0.4444444,True
13:23:51.419,(-0.766417, -0.500449, 4.500000),0.2096203,0.5677778,0.4277778,True
13:23:51.431,(-0.759804, -0.487221, 4.500000),0.2096203,0.5677778,0.4277778,True
13:23:51.446,(-0.753190, -0.473994, 4.500000),0.29508,0.5686111,0.4166667,True
13:23:51.459,(-0.739962, -0.454152, 4.500000),0.29508,0.5686111,0.4166667,True
13:23:51.487,(-0.720120, -0.434311, 4.500000),0.29508,0.5686111,0.4166667,True
13:23:51.508,(-0.673823, -0.388014, 4.500000),0.5565865,0.5933333,0.3944444,True
13:23:51.523,(-0.640755, -0.348330, 4.500000),0.6549872,0.5933333,0.3944444,True
13:23:51.536,(-0.607685, -0.315261, 4.500000),0.6994262,0.5958334,0.3888889,True
13:23:51.548,(-0.594456, -0.302033, 4.500000),0.6994262,0.5958334,0.3888889,True
13:23:51.561,(-0.568001, -0.282192, 4.500000),0.6994262,0.5958334,0.3888889,True
13:23:51.582,(-0.541546, -0.262350, 4.500000),1,0.6038889,0.3777778,True
13:23:51.603,(-0.501863, -0.249122, 4.500000),1,0.5994444,0.3722222,True
13:23:51.618,(-0.448953, -0.235895, 4.500000),1,0.605,0.3722222,True
13:23:51.631,(-0.429111, -0.235895, 4.500000),1,0.605,0.3722222,True
13:23:51.645,(-0.415883, -0.242509, 4.500000),1,0.605,0.3722222,True
13:23:51.659,(-0.402654, -0.249122, 4.500000),1,0.605,0.3722222,True
13:23:51.684,(-0.389428, -0.255736, 4.500000),1,0.6061111,0.3611111,True
13:23:51.704,(-0.376199, -0.268964, 4.500000),1,0.6113889,0.3611111,True
13:23:51.719,(-0.362973, -0.288806, 4.500000),1,0.6161111,0.3555556,True
13:23:51.730,(-0.356357, -0.295419, 4.500000),1,0.6161111,0.3555556,True
13:23:51.747,(-0.356357, -0.302033, 4.500000),1,0.6163889,0.35,True
13:23:51.760,(-0.356357, -0.315261, 4.500000),1,0.6208333,0.3444445,True
13:23:51.791,(-0.356357, -0.328489, 4.500000),1,0.6208333,0.3444445,True
13:23:51.811,(-0.356357, -0.348330, 4.500000),1,0.6208333,0.3444445,True
13:23:51.827,(-0.369586, -0.361558, 4.500000),1,0.6169444,0.3388889,True
13:23:51.839,(-0.376199, -0.374786, 4.500000),1,0.6169444,0.3388889,True
13:23:51.853,(-0.376199, -0.381400, 4.500000),1,0.6211111,0.3388889,True
13:23:51.865,(-0.396041, -0.394627, 4.500000),1,0.6211111,0.3388889,True
13:23:51.885,(-0.402654, -0.401241, 4.500000),1,0.6211111,0.3388889,True
13:23:51.904,(-0.415883, -0.407855, 4.500000),1,0.6172222,0.3333333,True
13:23:51.919,(-0.442338, -0.414469, 4.500000),1,0.6172222,0.3333333,True
13:23:51.929,(-0.462179, -0.421083, 4.500000),1,0.6172222,0.3333333,True
13:23:51.948,(-0.475408, -0.427697, 4.500000),1,0.6172222,0.3333333,True
13:23:51.961,(-0.508476, -0.434311, 4.500000),1,0.6172222,0.3333333,True
13:23:51.983,(-0.528318, -0.434311, 4.500000),1,0.6172222,0.3333333,True
13:23:52.003,(-0.568001, -0.440924, 4.500000),1,0.6172222,0.3333333,True
13:23:52.020,(-0.607685, -0.447538, 4.500000),1,0.6172222,0.3333333,True
13:23:52.033,(-0.647368, -0.454152, 4.500000),1,0.6133333,0.3333333,True
13:23:52.049,(-0.673823, -0.460766, 4.500000),1,0.6169444,0.3388889,True
13:23:52.061,(-0.700278, -0.460766, 4.500000),1,0.6169444,0.3388889,True
13:23:52.081,(-0.726735, -0.460766, 4.500000),1,0.6169444,0.3388889,True
13:23:52.101,(-0.766417, -0.467380, 4.500000),1,0.6169444,0.3388889,True
13:23:52.119,(-0.812715, -0.473994, 4.500000),1,0.6208333,0.3444445,True
13:23:52.131,(-0.852399, -0.473994, 4.500000),1,0.6163889,0.35,True
13:23:52.151,(-0.878854, -0.473994, 4.500000),1,0.6163889,0.35,True
13:23:52.163,(-0.911922, -0.473994, 4.500000),1,0.6163889,0.35,True
13:23:52.183,(-0.931764, -0.473994, 4.500000),1,0.6119444,0.35,True
13:23:52.202,(-0.944993, -0.480608, 4.500000),1,0.6119444,0.35,True
13:23:52.218,(-0.964834, -0.480608, 4.500000),1,0.6119444,0.35,True
13:23:52.611,(-0.978061, -0.473994, 4.500000),0,0.5,0.4666667,True
13:23:52.634,(-0.779645, 0.108026, 4.500000),0,0.5,0.4611111,True
13:23:52.648,(-0.779645, 0.121254, 4.500000),0,0.5175,0.4444444,True
13:23:52.668,(-0.779645, 0.127868, 4.500000),0,0.5313889,0.4388889,True
13:23:52.689,(-0.766417, 0.127868, 4.500000),0,0.5313889,0.4388889,True
13:23:52.704,(-0.753190, 0.101413, 4.500000),0,0.5313889,0.4111111,True
13:23:52.717,(-0.753190, 0.081571, 4.500000),0.1020632,0.5452778,0.4,True
13:23:52.733,(-0.746577, 0.048502, 4.500000),0.1168355,0.5408334,0.3888889,True
13:23:52.745,(-0.746577, 0.015432, 4.500000),0.1168355,0.5408334,0.3888889,True
13:23:52.766,(-0.746577, -0.011023, 4.500000),0.1168355,0.5408334,0.3888889,True
13:23:52.787,(-0.746577, -0.057320, 4.500000),0.7717006,0.565,0.3555556,True
13:23:52.803,(-0.746577, -0.116845, 4.500000),1,0.565,0.3555556,True
13:23:52.816,(-0.746577, -0.169756, 4.500000),1,0.565,0.3555556,True
13:23:52.832,(-0.746577, -0.209439, 4.500000),1,0.5711111,0.3444445,True
13:23:52.846,(-0.753190, -0.235895, 4.500000),1,0.5761111,0.3388889,True
13:23:52.868,(-0.753190, -0.268964, 4.500000),1,0.5761111,0.3388889,True
13:23:52.890,(-0.753190, -0.302033, 4.500000),1,0.5811111,0.3388889,True
13:23:52.905,(-0.753190, -0.341716, 4.500000),1,0.5811111,0.3388889,True
13:23:52.916,(-0.753190, -0.354944, 4.500000),1,0.5811111,0.3388889,True
13:23:52.931,(-0.746577, -0.368172, 4.500000),1,0.5811111,0.3388889,True
13:23:52.949,(-0.746577, -0.374786, 4.500000),1,0.5811111,0.3388889,True
13:23:52.970,(-0.753190, -0.388014, 4.500000),1,0.5919445,0.3444445,True
13:23:53.229,(-0.753190, -0.388014, 4.500000),0,0.5736111,0.4222222,True
13:23:53.247,(-0.607685, -0.083776, 4.500000),0,0.5736111,0.4222222,True
13:23:53.259,(-0.601072, -0.077162, 4.500000),0,0.5605556,0.4388889,True
13:23:53.280,(-0.601072, -0.077162, 4.500000),0,0.5461111,0.4388889,True
13:23:53.295,(-0.601072, -0.077162, 4.500000),0,0.5605556,0.4388889,True
13:23:53.318,(-0.594456, -0.083776, 4.500000),0.1449151,0.5677778,0.4277778,True
13:23:53.340,(-0.594456, -0.090390, 4.500000),0.2417287,0.5877778,0.4111111,True
13:23:53.353,(-0.587843, -0.097003, 4.500000),0.3484312,0.5825,0.4055555,True
13:23:53.364,(-0.587843, -0.097003, 4.500000),0.3484312,0.5825,0.4055555,True
13:23:53.382,(-0.587843, -0.097003, 4.500000),0.3484312,0.5825,0.4055555,True
13:23:53.398,(-0.581230, -0.090390, 4.500000),1,0.5977778,0.3833333,True
13:23:53.418,(-0.587843, -0.090390, 4.500000),1,0.5933333,0.3777778,True
13:23:53.439,(-0.587843, -0.077162, 4.500000),1,0.6036111,0.35,True
13:23:53.454,(-0.587843, -0.063934, 4.500000),1,0.6080555,0.3444445,True
13:23:53.464,(-0.587843, -0.057320, 4.500000),1,0.6088889,0.3388889,True
13:23:53.481,(-0.587843, -0.057320, 4.500000),1,0.6133333,0.3333333,True
13:23:53.494,(-0.581230, -0.063934, 4.500000),1,0.6097222,0.3333333,True
13:23:53.519,(-0.581230, -0.070548, 4.500000),1,0.6097222,0.3333333,True
13:23:54.612,(-0.581230, -0.077162, 4.500000),0,0,0.5,True
13:23:54.628,(-0.581230, -0.077162, 4.500000),0,0,0.5,True
13:23:54.643,(-0.581230, -0.077162, 4.500000),0,0,0.5,True
13:23:54.658,(-0.581230, -0.077162, 4.500000),0,0,0.5,True
13:23:54.677,(-0.581230, -0.077162, 4.500000),0,0,0.5,True
13:23:54.693,(-0.581230, -0.077162, 4.500000),0,0,0.5,True
