13:54:29.574,(-2.433112, -0.143301, 4.500000),0,0,0.5,True
13:54:29.575,(-2.433112, -0.143301, 4.500000),0,0,0.5,True
13:54:29.599,(-2.360360, -0.540133, 4.500000),0,0,0.5,True
13:54:29.599,(-2.360360, -0.540133, 4.500000),0,0,0.5,True
13:54:29.619,(-2.366973, -0.540133, 4.500000),0,0,0.5,True
13:54:29.619,(-2.366973, -0.540133, 4.500000),0,0,0.5,True
13:54:29.635,(-2.366973, -0.533519, 4.500000),0,0,0.5,True
13:54:29.635,(-2.366973, -0.533519, 4.500000),0,0,0.5,True
13:54:29.644,(-2.360360, -0.526905, 4.500000),0,0.5,0.4888889,True
13:54:29.644,(-2.360360, -0.526905, 4.500000),0,0.5,0.4888889,True
13:54:29.660,(-2.360360, -0.526905, 4.500000),0,0.5,0.4833333,True
13:54:29.660,(-2.360360, -0.526905, 4.500000),0,0.5,0.4833333,True
13:54:29.674,(-2.353746, -0.507063, 4.500000),0.1147601,0.5,0.4722222,True
13:54:29.674,(-2.353746, -0.507063, 4.500000),0.1147601,0.5,0.4722222,True
13:54:29.697,(-2.340518, -0.493835, 4.500000),0.1135392,0.5,0.4666667,True
13:54:29.697,(-2.340518, -0.493835, 4.500000),0.1135392,0.5,0.4666667,True
13:54:29.718,(-2.320676, -0.467380, 4.500000),0.1135392,0.5,0.4666667,True
13:54:29.718,(-2.320676, -0.467380, 4.500000),0.1135392,0.5,0.4666667,True
13:54:29.735,(-2.300835, -0.434311, 4.500000),0.1135392,0.5,0.4666667,True
13:54:29.735,(-2.300835, -0.434311, 4.500000),0.1135392,0.5,0.4666667,True
13:54:29.745,(-2.267766, -0.394627, 4.500000),0.1650592,0.5,0.45,True
13:54:29.745,(-2.267766, -0.394627, 4.500000),0.1650592,0.5,0.45,True
13:54:29.762,(-2.261151, -0.381400, 4.500000),0.234892,0.5,0.4444444,True
13:54:29.762,(-2.261151, -0.381400, 4.500000),0.234892,0.5,0.4444444,True
13:54:29.777,(-2.228083, -0.348330, 4.500000),0.2983763,0.5,0.4388889,True
13:54:29.778,(-2.228083, -0.348330, 4.500000),0.2983763,0.5,0.4388889,True
13:54:29.798,(-2.208241, -0.321875, 4.500000),0.363936,0.5,0.4333333,True
13:54:29.799,(-2.208241, -0.321875, 4.500000),0.363936,0.5,0.4333333,True
13:54:29.818,(-2.168558, -0.288806, 4.500000),0.43267,0.5,0.4277778,True
13:54:29.819,(-2.168558, -0.288806, 4.500000),0.43267,0.5,0.4277778,True
13:54:29.833,(-2.135488, -0.268964, 4.500000),0.4628251,0.5,0.4222222,True
13:54:29.835,(-2.135488, -0.268964, 4.500000),0.4628251,0.5,0.4222222,True
13:54:29.845,(-2.102419, -0.249122, 4.500000),0.5723355,0.5,0.4222222,True
13:54:29.846,(-2.102419, -0.249122, 4.500000),0.5723355,0.5,0.4222222,True
13:54:29.862,(-2.082577, -0.249122, 4.500000),0.5723355,0.5,0.4222222,True
13:54:29.862,(-2.082577, -0.249122, 4.500000),0.5723355,0.5,0.4222222,True
13:54:29.876,(-2.062736, -0.249122, 4.500000),0.5723355,0.5,0.4222222,True
13:54:29.876,(-2.062736, -0.249122, 4.500000),0.5723355,0.5,0.4222222,True
13:54:29.897,(-2.042894, -0.249122, 4.500000),0.5723355,0.5,0.4222222,True
13:54:29.899,(-2.042894, -0.249122, 4.500000),0.5723355,0.5,0.4222222,True
13:54:29.918,(-2.016439, -0.262350, 4.500000),0.6215358,0.5097222,0.4055555,True
13:54:29.919,(-2.016439, -0.262350, 4.500000),0.6215358,0.5097222,0.4055555,True
13:54:29.936,(-1.989983, -0.282192, 4.500000),0.6215358,0.5097222,0.4055555,True
13:54:29.936,(-1.989983, -0.282192, 4.500000),0.6215358,0.5097222,0.4055555,True
13:54:29.946,(-1.970142, -0.302033, 4.500000),0.6215358,0.5097222,0.4055555,True
13:54:29.947,(-1.970142, -0.302033, 4.500000),0.6215358,0.5097222,0.4055555,True
13:54:29.971,(-1.963527, -0.321875, 4.500000),0.6215358,0.5097222,0.4055555,True
13:54:29.972,(-1.963527, -0.321875, 4.500000),0.6215358,0.5097222,0.4055555,True
13:54:29.984,(-1.956914, -0.348330, 4.500000),0.6120132,0.5091667,0.4,True
13:54:29.984,(-1.956914, -0.348330, 4.500000),0.6120132,0.5091667,0.4,True
13:54:30.008,(-1.956914, -0.354944, 4.500000),0.6122574,0.5086111,0.3944444,True
13:54:30.009,(-1.956914, -0.354944, 4.500000),0.6122574,0.5086111,0.3944444,True
13:54:30.027,(-1.976755, -0.381400, 4.500000),0.6123794,0.5175,0.3944444,True
13:54:30.028,(-1.976755, -0.381400, 4.500000),0.6123794,0.5175,0.3944444,True
13:54:30.043,(-1.996597, -0.394627, 4.500000),0.613112,0.5175,0.3944444,True
13:54:30.043,(-1.996597, -0.394627, 4.500000),0.613112,0.5175,0.3944444,True
13:54:30.060,(-2.016439, -0.401241, 4.500000),0.613112,0.5175,0.3944444,True
13:54:30.060,(-2.016439, -0.401241, 4.500000),0.613112,0.5175,0.3944444,True
13:54:30.078,(-2.049507, -0.414469, 4.500000),0.6137224,0.5261111,0.3944444,True
13:54:30.078,(-2.049507, -0.414469, 4.500000),0.6137224,0.5261111,0.3944444,True
13:54:30.093,(-2.075964, -0.427697, 4.500000),0.6137224,0.5261111,0.3944444,True
13:54:30.093,(-2.075964, -0.427697, 4.500000),0.6137224,0.5261111,0.3944444,True
13:54:30.116,(-2.128874, -0.434311, 4.500000),0.6179954,0.5261111,0.3944444,True
13:54:30.116,(-2.128874, -0.434311, 4.500000),0.6179954,0.5261111,0.3944444,True
13:54:30.135,(-2.195013, -0.447538, 4.500000),0.6179954,0.5261111,0.3944444,True
13:54:30.135,(-2.195013, -0.447538, 4.500000),0.6179954,0.5261111,0.3944444,True
13:54:30.149,(-2.261151, -0.460766, 4.500000),0.6188499,0.5186111,0.4,True
13:54:30.149,(-2.261151, -0.460766, 4.500000),0.6188499,0.5186111,0.4,True
13:54:30.160,(-2.300835, -0.460766, 4.500000),0.6188499,0.5186111,0.4,True
13:54:30.161,(-2.300835, -0.460766, 4.500000),0.6188499,0.5186111,0.4,True
13:54:30.179,(-2.347131, -0.473994, 4.500000),0.6188499,0.5186111,0.4,True
13:54:30.179,(-2.347131, -0.473994, 4.500000),0.6188499,0.5186111,0.4,True
13:54:30.191,(-2.406657, -0.480608, 4.500000),0.6223904,0.5294445,0.4055555,True
13:54:30.192,(-2.406657, -0.480608, 4.500000),0.6223904,0.5294445,0.4055555,True
13:54:30.213,(-2.439727, -0.487221, 4.500000),0.6198266,0.5208333,0.4111111,True
13:54:30.213,(-2.439727, -0.487221, 4.500000),0.6198266,0.5208333,0.4111111,True
13:54:30.233,(-2.472795, -0.487222, 4.500000),0.6198266,0.5208333,0.4111111,True
13:54:30.233,(-2.472795, -0.487222, 4.500000),0.6198266,0.5208333,0.4111111,True
13:54:30.248,(-2.525707, -0.493835, 4.500000),0.6198266,0.5208333,0.4111111,True
13:54:30.248,(-2.525707, -0.493835, 4.500000),0.6198266,0.5208333,0.4111111,True
13:54:30.261,(-2.545549, -0.493835, 4.500000),0.6198266,0.5208333,0.4111111,True
13:54:30.262,(-2.545549, -0.493835, 4.500000),0.6198266,0.5208333,0.4111111,True
13:54:30.279,(-2.552162, -0.493835, 4.500000),0.6223904,0.5105556,0.4111111,True
13:54:30.279,(-2.552162, -0.493835, 4.500000),0.6223904,0.5105556,0.4111111,True
13:54:30.295,(-2.558775, -0.493835, 4.500000),0.6223904,0.5105556,0.4111111,True
13:54:30.295,(-2.558775, -0.493835, 4.500000),0.6223904,0.5105556,0.4111111,True
13:54:30.315,(-2.558775, -0.493835, 4.500000),0.6223904,0.5105556,0.4111111,True
13:54:30.316,(-2.558775, -0.493835, 4.500000),0.6223904,0.5105556,0.4111111,True
13:54:30.641,(-2.558776, -0.487222, 4.500000),0,0.5,0.4722222,True
13:54:30.642,(-2.558776, -0.487222, 4.500000),0,0.5,0.4722222,True
13:54:30.663,(-2.340518, 0.094799, 4.500000),0,0.5,0.4722222,True
13:54:30.663,(-2.340518, 0.094799, 4.500000),0,0.5,0.4722222,True
13:54:30.676,(-2.333905, 0.121254, 4.500000),0,0.5,0.4722222,True
13:54:30.677,(-2.333905, 0.121254, 4.500000),0,0.5,0.4722222,True
13:54:30.694,(-2.333905, 0.134482, 4.500000),0,0.5,0.4722222,True
13:54:30.695,(-2.333905, 0.134482, 4.500000),0,0.5,0.4722222,True
13:54:30.711,(-2.333905, 0.147710, 4.500000),0,0.5,0.4722222,True
13:54:30.711,(-2.333905, 0.147710, 4.500000),0,0.5,0.4722222,True
13:54:30.735,(-2.333905, 0.147710, 4.500000),0.08387254,0.5,0.4555556,True
13:54:30.735,(-2.333905, 0.147710, 4.500000),0.08387254,0.5,0.4555556,True
13:54:30.756,(-2.327290, 0.141096, 4.500000),0.1795873,0.5,0.4444444,True
13:54:30.756,(-2.327290, 0.141096, 4.500000),0.1795873,0.5,0.4444444,True
13:54:30.771,(-2.320676, 0.121254, 4.500000),0.1865462,0.5,0.4333333,True
13:54:30.771,(-2.320676, 0.121254, 4.500000),0.1865462,0.5,0.4333333,True
13:54:30.783,(-2.314063, 0.094799, 4.500000),0.1845928,0.5,0.4222222,True
13:54:30.783,(-2.314063, 0.094799, 4.500000),0.1845928,0.5,0.4222222,True
13:54:30.797,(-2.307450, 0.061729, 4.500000),0.1815407,0.5105556,0.4111111,True
13:54:30.798,(-2.307450, 0.061729, 4.500000),0.1815407,0.5105556,0.4111111,True
13:54:30.811,(-2.300835, 0.022046, 4.500000),0.1823953,0.5097222,0.4055555,True
13:54:30.812,(-2.300835, 0.022046, 4.500000),0.1823953,0.5097222,0.4055555,True
13:54:30.830,(-2.287608, -0.037479, 4.500000),0.1837382,0.5086111,0.3944444,True
13:54:30.831,(-2.287608, -0.037479, 4.500000),0.1837382,0.5086111,0.3944444,True
13:54:30.854,(-2.287608, -0.077162, 4.500000),0.1887437,0.5075,0.3777778,True
13:54:30.855,(-2.287608, -0.077162, 4.500000),0.1887437,0.5075,0.3777778,True
13:54:30.869,(-2.274379, -0.156528, 4.500000),0.1887437,0.515,0.3777778,True
13:54:30.870,(-2.274379, -0.156528, 4.500000),0.1887437,0.515,0.3777778,True
13:54:30.882,(-2.261151, -0.189597, 4.500000),0.1887437,0.515,0.3777778,True
13:54:30.882,(-2.261151, -0.189597, 4.500000),0.1887437,0.515,0.3777778,True
13:54:30.897,(-2.254537, -0.222667, 4.500000),0.1916738,0.5136111,0.3666667,True
13:54:30.898,(-2.254537, -0.222667, 4.500000),0.1916738,0.5136111,0.3666667,True
13:54:30.912,(-2.247925, -0.268964, 4.500000),0.1916738,0.5136111,0.3666667,True
13:54:30.912,(-2.247925, -0.268964, 4.500000),0.1916738,0.5136111,0.3666667,True
13:54:30.934,(-2.241309, -0.288806, 4.500000),0.1965572,0.5136111,0.3666667,True
13:54:30.934,(-2.241309, -0.288806, 4.500000),0.1965572,0.5136111,0.3666667,True
13:54:30.953,(-2.234696, -0.315261, 4.500000),0.1965572,0.5136111,0.3666667,True
13:54:30.953,(-2.234696, -0.315261, 4.500000),0.1965572,0.5136111,0.3666667,True
13:54:30.968,(-2.234696, -0.348330, 4.500000),0.2147479,0.5141667,0.3722222,True
13:54:30.968,(-2.234696, -0.348330, 4.500000),0.2147479,0.5141667,0.3722222,True
13:54:30.980,(-2.234696, -0.354944, 4.500000),0.2147479,0.5141667,0.3722222,True
13:54:30.980,(-2.234696, -0.354944, 4.500000),0.2147479,0.5141667,0.3722222,True
13:54:30.995,(-2.234696, -0.368172, 4.500000),0.2154804,0.5075,0.3777778,True
13:54:30.996,(-2.234696, -0.368172, 4.500000),0.2154804,0.5075,0.3777778,True
13:54:31.211,(-2.228083, -0.368172, 4.500000),0,0.5,0.4166667,True
13:54:31.211,(-2.228083, -0.368172, 4.500000),0,0.5,0.4166667,True
13:54:31.234,(-2.102419, -0.103617, 4.500000),0,0.5,0.4166667,True
13:54:31.235,(-2.102419, -0.103617, 4.500000),0,0.5,0.4166667,True
13:54:31.253,(-2.095806, -0.090390, 4.500000),0,0.5,0.4166667,True
13:54:31.253,(-2.095806, -0.090390, 4.500000),0,0.5,0.4166667,True
13:54:31.269,(-2.102419, -0.097003, 4.500000),0,0.5,0.4444444,True
13:54:31.269,(-2.102419, -0.097003, 4.500000),0,0.5,0.4444444,True
13:54:31.282,(-2.102419, -0.103617, 4.500000),0,0.5,0.4444444,True
13:54:31.282,(-2.102419, -0.103617, 4.500000),0,0.5,0.4444444,True
13:54:31.296,(-2.102419, -0.110231, 4.500000),0,0.5,0.4444444,True
13:54:31.296,(-2.102419, -0.110231, 4.500000),0,0.5,0.4444444,True
13:54:32.195,(-2.102419, -0.110231, 4.500000),0,0.5,0.4722222,True
13:54:32.195,(-2.102419, -0.110231, 4.500000),0,0.5,0.4722222,True
13:54:32.215,(-2.102419, -0.110231, 4.500000),0,0.5,0.4722222,True
13:54:32.215,(-2.102419, -0.110231, 4.500000),0,0.5,0.4722222,True
13:54:32.232,(-2.102419, -0.110231, 4.500000),0,0.5,0.4722222,True
13:54:32.233,(-2.102419, -0.110231, 4.500000),0,0.5,0.4722222,True
