14:02:24.016,(-2.472795, -0.698865, 4.500000),0,0,0.5,True
14:02:24.016,(-2.472795, -0.698865, 4.500000),0,0,0.5,True
14:02:24.040,(-2.062736, -0.169756, 4.500000),0,0,0.5,True
14:02:24.040,(-2.062736, -0.169756, 4.500000),0,0,0.5,True
14:02:24.065,(-2.062736, -0.163142, 4.500000),0,0,0.5,True
14:02:24.065,(-2.062736, -0.163142, 4.500000),0,0,0.5,True
14:02:24.083,(-2.062736, -0.156528, 4.500000),0,0,0.5,True
14:02:24.083,(-2.062736, -0.156528, 4.500000),0,0,0.5,True
14:02:24.096,(-2.056123, -0.163142, 4.500000),0,0,0.5,True
14:02:24.097,(-2.056123, -0.163142, 4.500000),0,0,0.5,True
14:02:24.114,(-2.049507, -0.163142, 4.500000),0,0,0.5,True
14:02:24.114,(-2.049507, -0.163142, 4.500000),0,0,0.5,True
14:02:24.127,(-2.042894, -0.169756, 4.500000),0,0,0.5,True
14:02:24.127,(-2.042894, -0.169756, 4.500000),0,0,0.5,True
14:02:24.147,(-2.036281, -0.182984, 4.500000),0.1305091,0.5,0.4833333,True
14:02:24.148,(-2.036281, -0.182984, 4.500000),0.1305091,0.5,0.4833333,True
14:02:24.172,(-2.036281, -0.189597, 4.500000),0.1316079,0.5,0.4722222,True
14:02:24.172,(-2.036281, -0.189597, 4.500000),0.1316079,0.5,0.4722222,True
14:02:24.186,(-2.016439, -0.222667, 4.500000),0.1372238,0.5,0.4611111,True
14:02:24.186,(-2.016439, -0.222667, 4.500000),0.1372238,0.5,0.4611111,True
14:02:24.195,(-2.009826, -0.249122, 4.500000),0.1413747,0.5,0.4555556,True
14:02:24.196,(-2.009826, -0.249122, 4.500000),0.1413747,0.5,0.4555556,True
14:02:24.211,(-2.003210, -0.262350, 4.500000),0.1444268,0.5,0.45,True
14:02:24.211,(-2.003210, -0.262350, 4.500000),0.1444268,0.5,0.45,True
14:02:24.227,(-1.996597, -0.275578, 4.500000),0.1496765,0.5,0.4444444,True
14:02:24.227,(-1.996597, -0.275578, 4.500000),0.1496765,0.5,0.4444444,True
14:02:24.248,(-2.003210, -0.302033, 4.500000),0.1589549,0.5,0.4333333,True
14:02:24.249,(-2.003210, -0.302033, 4.500000),0.1589549,0.5,0.4333333,True
14:02:24.273,(-2.009825, -0.328489, 4.500000),0.1613967,0.5,0.4277778,True
14:02:24.274,(-2.009825, -0.328489, 4.500000),0.1613967,0.5,0.4277778,True
14:02:24.290,(-2.029665, -0.348330, 4.500000),0.1623733,0.5,0.4277778,True
14:02:24.291,(-2.029665, -0.348330, 4.500000),0.1623733,0.5,0.4277778,True
14:02:24.304,(-2.056122, -0.368172, 4.500000),0.1623733,0.5,0.4277778,True
14:02:24.304,(-2.056122, -0.368172, 4.500000),0.1623733,0.5,0.4277778,True
14:02:24.322,(-2.075964, -0.374786, 4.500000),0.1631058,0.5,0.4277778,True
14:02:24.322,(-2.075964, -0.374786, 4.500000),0.1631058,0.5,0.4277778,True
14:02:24.336,(-2.109033, -0.381400, 4.500000),0.1631058,0.5,0.4277778,True
14:02:24.336,(-2.109033, -0.381400, 4.500000),0.1631058,0.5,0.4277778,True
14:02:24.357,(-2.142102, -0.388014, 4.500000),0.1631058,0.5,0.4277778,True
14:02:24.358,(-2.142102, -0.388014, 4.500000),0.1631058,0.5,0.4277778,True
14:02:24.383,(-2.195013, -0.394627, 4.500000),0.1657917,0.5,0.4277778,True
14:02:24.383,(-2.195013, -0.394627, 4.500000),0.1657917,0.5,0.4277778,True
14:02:24.401,(-2.280993, -0.394627, 4.500000),0.1657917,0.5,0.4277778,True
14:02:24.401,(-2.280993, -0.394627, 4.500000),0.1657917,0.5,0.4277778,True
14:02:24.414,(-2.340518, -0.401241, 4.500000),0.1657917,0.5,0.4277778,True
14:02:24.415,(-2.340518, -0.401241, 4.500000),0.1657917,0.5,0.4277778,True
14:02:24.429,(-2.386815, -0.401241, 4.500000),0.2011964,0.5,0.4333333,True
14:02:24.430,(-2.386815, -0.401241, 4.500000),0.2011964,0.5,0.4333333,True
14:02:24.442,(-2.433111, -0.401241, 4.500000),0.2011964,0.5,0.4333333,True
14:02:24.442,(-2.433111, -0.401241, 4.500000),0.2011964,0.5,0.4333333,True
14:02:24.462,(-2.472795, -0.394627, 4.500000),0.2014406,0.5,0.4333333,True
14:02:24.463,(-2.472795, -0.394627, 4.500000),0.2014406,0.5,0.4333333,True
14:02:24.482,(-2.538934, -0.381400, 4.500000),0.1997314,0.5,0.4388889,True
14:02:24.482,(-2.538934, -0.381400, 4.500000),0.1997314,0.5,0.4388889,True
14:02:24.499,(-2.585230, -0.361558, 4.500000),0.1997314,0.5,0.4388889,True
14:02:24.499,(-2.585230, -0.361558, 4.500000),0.1997314,0.5,0.4388889,True
14:02:24.513,(-2.618300, -0.341716, 4.500000),0.1997314,0.5,0.4388889,True
14:02:24.514,(-2.618300, -0.341716, 4.500000),0.1997314,0.5,0.4388889,True
14:02:24.533,(-2.638142, -0.328489, 4.500000),0.1997314,0.5,0.4388889,True
14:02:24.533,(-2.638142, -0.328489, 4.500000),0.1997314,0.5,0.4388889,True
14:02:24.546,(-2.651371, -0.302033, 4.500000),0.1988768,0.5,0.4444444,True
14:02:24.547,(-2.651371, -0.302033, 4.500000),0.1988768,0.5,0.4444444,True
14:02:24.569,(-2.657984, -0.282192, 4.500000),0.1996093,0.5,0.4444444,True
14:02:24.569,(-2.657984, -0.282192, 4.500000),0.1996093,0.5,0.4444444,True
14:02:24.964,(-2.644755, -0.249122, 4.500000),0,0,0.5,True
14:02:24.964,(-2.644755, -0.249122, 4.500000),0,0,0.5,True
14:02:24.986,(-2.247924, -0.024251, 4.500000),0,0,0.5,True
14:02:24.986,(-2.247924, -0.024251, 4.500000),0,0,0.5,True
14:02:24.999,(-2.247924, -0.024251, 4.500000),0,0,0.5,True
14:02:25.000,(-2.247924, -0.024251, 4.500000),0,0,0.5,True
14:02:25.016,(-2.261151, -0.024251, 4.500000),0,0.5,0.4944444,True
14:02:25.016,(-2.261151, -0.024251, 4.500000),0,0.5,0.4944444,True
14:02:25.032,(-2.274380, -0.024251, 4.500000),0,0.5,0.4944444,True
14:02:25.032,(-2.274380, -0.024251, 4.500000),0,0.5,0.4888889,True
14:02:25.054,(-2.307450, -0.030865, 4.500000),0,0.5,0.4833333,True
14:02:25.055,(-2.307450, -0.030865, 4.500000),0,0.5,0.4833333,True
14:02:25.077,(-2.340518, -0.037479, 4.500000),0,0.5,0.4833333,True
14:02:25.077,(-2.340518, -0.037479, 4.500000),0,0.5,0.4833333,True
14:02:25.091,(-2.393428, -0.037479, 4.500000),0.1181785,0.5,0.4611111,True
14:02:25.092,(-2.393428, -0.037479, 4.500000),0.1181785,0.5,0.4611111,True
14:02:25.106,(-2.426498, -0.037479, 4.500000),0.1195214,0.5,0.4555556,True
14:02:25.106,(-2.426498, -0.037479, 4.500000),0.1195214,0.5,0.4555556,True
14:02:25.124,(-2.452953, -0.037479, 4.500000),0.1306312,0.5,0.4444444,True
14:02:25.125,(-2.452953, -0.037479, 4.500000),0.1306312,0.5,0.4444444,True
14:02:25.139,(-2.479410, -0.037479, 4.500000),0.1306312,0.5,0.4444444,True
14:02:25.139,(-2.479410, -0.037479, 4.500000),0.1306312,0.5,0.4444444,True
14:02:25.163,(-2.486023, -0.037479, 4.500000),0.1306312,0.5,0.4444444,True
14:02:25.163,(-2.486023, -0.037479, 4.500000),0.1306312,0.5,0.4444444,True
14:02:26.130,(-2.499250, -0.044092, 4.500000),0,0.5,0.4888889,False
14:02:26.130,(-2.499250, -0.044092, 4.500000),0,0.5,0.4888889,False
14:02:26.143,(-2.499250, -0.044092, 4.500000),0,0.5,0.4888889,False
14:02:26.143,(-2.499250, -0.044092, 4.500000),0,0.5,0.4888889,False
14:02:26.162,(-2.499250, -0.044092, 4.500000),0,0.5,0.4888889,False
14:02:26.162,(-2.499250, -0.044092, 4.500000),0,0.5,0.4888889,False
14:02:26.175,(-2.499250, -0.044092, 4.500000),0,0.5,0.4888889,False
14:02:26.176,(-2.499250, -0.044092, 4.500000),0,0.5,0.4888889,False
