14:11:43.448,(-2.578617, -0.718707, 4.500000),0,0,0.5,True
14:11:43.448,(-2.578617, -0.718707, 4.500000),0,0,0.5,True
14:11:43.467,(-2.565389, -0.262350, 4.500000),0,0,0.5,True
14:11:43.468,(-2.565389, -0.262350, 4.500000),0,0,0.5,True
14:11:43.483,(-2.558775, -0.262350, 4.500000),0,0,0.5,True
14:11:43.483,(-2.558775, -0.262350, 4.500000),0,0,0.5,True
14:11:43.503,(-2.552162, -0.262350, 4.500000),0,0,0.5,True
14:11:43.505,(-2.552162, -0.262350, 4.500000),0,0,0.5,True
14:11:43.525,(-2.552162, -0.268964, 4.500000),0,0,0.5,True
14:11:43.525,(-2.552162, -0.268964, 4.500000),0,0,0.5,True
14:11:43.541,(-2.545549, -0.282192, 4.500000),0,0,0.5,True
14:11:43.541,(-2.545549, -0.282192, 4.500000),0,0,0.5,True
14:11:43.552,(-2.538934, -0.288806, 4.500000),0.1606641,0.5,0.4888889,True
14:11:43.553,(-2.538934, -0.288806, 4.500000),0.1606641,0.5,0.4888889,True
14:11:43.569,(-2.532320, -0.302033, 4.500000),0.1606641,0.5,0.4888889,True
14:11:43.570,(-2.532320, -0.302033, 4.500000),0.1606641,0.5,0.4888889,True
14:11:43.583,(-2.519092, -0.321875, 4.500000),0.1606641,0.5,0.4888889,True
14:11:43.583,(-2.519092, -0.321875, 4.500000),0.1606641,0.5,0.4888889,True
14:11:43.602,(-2.512479, -0.328489, 4.500000),0.1723843,0.5,0.4722222,True
14:11:43.603,(-2.512479, -0.328489, 4.500000),0.1723843,0.5,0.4722222,True
14:11:43.622,(-2.499250, -0.348330, 4.500000),0.1771456,0.5,0.4666667,True
14:11:43.623,(-2.499250, -0.348330, 4.500000),0.1771456,0.5,0.4666667,True
14:11:43.637,(-2.492636, -0.368172, 4.500000),0.2046148,0.5,0.4611111,True
14:11:43.637,(-2.492636, -0.368172, 4.500000),0.2046148,0.5,0.4611111,True
14:11:43.650,(-2.486023, -0.388014, 4.500000),0.2046148,0.5,0.4611111,True
14:11:43.650,(-2.486023, -0.388014, 4.500000),0.2046148,0.5,0.4611111,True
14:11:43.666,(-2.492636, -0.407855, 4.500000),0.322305,0.5,0.4444444,True
14:11:43.667,(-2.492636, -0.407855, 4.500000),0.322305,0.5,0.4444444,True
14:11:43.680,(-2.499250, -0.421083, 4.500000),0.322305,0.5,0.4444444,True
14:11:43.681,(-2.499250, -0.421083, 4.500000),0.322305,0.5,0.4444444,True
14:11:43.702,(-2.525707, -0.434311, 4.500000),0.322305,0.5,0.4444444,True
14:11:43.703,(-2.525707, -0.434311, 4.500000),0.322305,0.5,0.4444444,True
14:11:43.723,(-2.565389, -0.460766, 4.500000),0.5062874,0.5,0.4333333,True
14:11:43.723,(-2.565389, -0.460766, 4.500000),0.5062874,0.5,0.4333333,True
14:11:43.739,(-2.651371, -0.487222, 4.500000),0.521548,0.5,0.4388889,True
14:11:43.739,(-2.651371, -0.487222, 4.500000),0.521548,0.5,0.4388889,True
14:11:43.753,(-2.697668, -0.500449, 4.500000),0.521548,0.5,0.4388889,True
14:11:43.753,(-2.697668, -0.500449, 4.500000),0.521548,0.5,0.4388889,True
14:11:43.768,(-2.750578, -0.513677, 4.500000),0.6082286,0.5,0.4388889,True
14:11:43.768,(-2.750578, -0.513677, 4.500000),0.6109144,0.5,0.4444444,True
14:11:43.782,(-2.810103, -0.520291, 4.500000),0.6148211,0.5,0.4444444,True
14:11:43.782,(-2.810103, -0.520291, 4.500000),0.6148211,0.5,0.4444444,True
14:11:43.808,(-2.863013, -0.526905, 4.500000),0.6410695,0.5,0.4444444,True
14:11:43.808,(-2.863013, -0.526905, 4.500000),0.6410695,0.5,0.4444444,True
14:11:43.827,(-2.962222, -0.526905, 4.500000),0.6410695,0.5,0.4444444,True
14:11:43.827,(-2.962222, -0.526905, 4.500000),0.6410695,0.5,0.4444444,True
14:11:43.840,(-3.028360, -0.513677, 4.500000),0.6442437,0.5,0.45,True
14:11:43.840,(-3.028360, -0.513677, 4.500000),0.6442437,0.5,0.45,True
14:11:43.853,(-3.061430, -0.500449, 4.500000),0.6430228,0.5,0.4555556,True
14:11:43.854,(-3.061430, -0.500449, 4.500000),0.6430228,0.5,0.4555556,True
14:11:43.869,(-3.087885, -0.487221, 4.500000),0.6430228,0.5,0.4555556,True
14:11:43.869,(-3.087885, -0.487221, 4.500000),0.6430228,0.5,0.4555556,True
14:11:43.881,(-3.107727, -0.460766, 4.500000),0.6430228,0.5,0.4555556,True
14:11:43.881,(-3.107727, -0.460766, 4.500000),0.6430228,0.5,0.4555556,True
14:11:43.903,(-3.114340, -0.447538, 4.500000),0.6452203,0.5,0.4611111,True
14:11:43.903,(-3.114340, -0.447538, 4.500000),0.6452203,0.5,0.4611111,True
14:11:43.926,(-3.120953, -0.407855, 4.500000),0.6452203,0.5,0.4611111,True
14:11:43.926,(-3.120953, -0.407855, 4.500000),0.6452203,0.5,0.4611111,True
14:11:43.941,(-3.107727, -0.361558, 4.500000),0.6442437,0.5,0.4611111,True
14:11:43.942,(-3.107727, -0.361558, 4.500000),0.6442437,0.5,0.4611111,True
14:11:44.263,(-3.094498, -0.341716, 4.500000),0,0.5,0.4944444,True
14:11:44.264,(-3.094498, -0.341716, 4.500000),0,0.5,0.4944444,True
14:11:44.287,(-2.664597, -0.116845, 4.500000),0,0.5,0.4944444,True
14:11:44.288,(-2.664597, -0.116845, 4.500000),0,0.5,0.4944444,True
14:11:44.300,(-2.671212, -0.110231, 4.500000),0,0.5,0.4944444,True
14:11:44.301,(-2.671212, -0.110231, 4.500000),0,0.5,0.4944444,True
14:11:44.320,(-2.697668, -0.103617, 4.500000),0,0,0.5,True
14:11:44.320,(-2.697668, -0.103617, 4.500000),0,0,0.5,True
14:11:44.340,(-2.724122, -0.110231, 4.500000),0,0,0.5,True
14:11:44.341,(-2.724122, -0.110231, 4.500000),0,0,0.5,True
14:11:44.355,(-2.783647, -0.110231, 4.500000),0.3678428,0.5,0.4944444,True
14:11:44.355,(-2.783647, -0.110231, 4.500000),0.3678428,0.5,0.4944444,True
14:11:44.368,(-2.810103, -0.110231, 4.500000),0.4091076,0.5,0.4888889,True
14:11:44.368,(-2.810103, -0.110231, 4.500000),0.4091076,0.5,0.4888889,True
14:11:44.384,(-2.843173, -0.110231, 4.500000),0.4055671,0.5,0.4833333,True
14:11:44.384,(-2.843173, -0.110231, 4.500000),0.4055671,0.5,0.4833333,True
14:11:44.405,(-2.869628, -0.116845, 4.500000),0.4077646,0.5,0.4666667,True
14:11:44.405,(-2.869628, -0.116845, 4.500000),0.4077646,0.5,0.4666667,True
14:11:44.424,(-2.896083, -0.116845, 4.500000),0.4077646,0.5,0.4666667,True
14:11:44.424,(-2.896083, -0.116845, 4.500000),0.4077646,0.5,0.4666667,True
14:11:44.444,(-2.909311, -0.116845, 4.500000),0.4346234,0.5,0.4555556,True
14:11:44.445,(-2.909311, -0.116845, 4.500000),0.4346234,0.5,0.4555556,True
14:11:45.167,(-2.915924, -0.116845, 4.500000),0,0,0.5,True
14:11:45.167,(-2.915924, -0.116845, 4.500000),0,0,0.5,True
14:11:45.184,(-2.915924, -0.116845, 4.500000),0,0,0.5,True
14:11:45.184,(-2.915924, -0.116845, 4.500000),0,0,0.5,True
14:11:45.201,(-2.915924, -0.116845, 4.500000),0,0,0.5,True
14:11:45.202,(-2.915924, -0.116845, 4.500000),0,0,0.5,True
14:11:45.216,(-2.915924, -0.116845, 4.500000),0,0,0.5,True
14:11:45.216,(-2.915924, -0.116845, 4.500000),0,0,0.5,True
