15:21:10.455,(-0.462179, -0.447538, 4.500000),0,0.5,0.4277778,True
15:21:10.480,(0.397623, -0.090390, 4.500000),0,0.5,0.4222222,True
15:21:10.494,(0.391010, -0.083776, 4.500000),0,0.5,0.4222222,True
15:21:10.521,(0.384395, -0.077162, 4.500000),0,0.5,0.4055555,True
15:21:10.541,(0.384395, -0.077162, 4.500000),0,0.5,0.4055555,True
15:21:10.554,(0.384395, -0.077162, 4.500000),0.1352704,0.5,0.3944444,True
15:21:10.574,(0.384395, -0.077162, 4.500000),0.1412526,0.5,0.3888889,True
15:21:10.598,(0.384395, -0.077162, 4.500000),0.1412526,0.5,0.3888889,True
15:21:10.615,(0.384395, -0.090390, 4.500000),0.1436943,0.5,0.3833333,True
15:21:10.639,(0.391010, -0.103617, 4.500000),0.1427176,0.5,0.3833333,True
15:21:10.663,(0.397623, -0.123459, 4.500000),0.1427176,0.5,0.3833333,True
15:21:10.678,(0.410850, -0.163142, 4.500000),0.1427176,0.5,0.3833333,True
15:21:10.698,(0.410850, -0.182984, 4.500000),0.1444268,0.5,0.3666667,True
15:21:10.722,(0.424078, -0.209439, 4.500000),0.1458918,0.5,0.3666667,True
15:21:10.738,(0.424078, -0.235895, 4.500000),0.1458918,0.5,0.3666667,True
15:21:10.766,(0.430691, -0.255736, 4.500000),0.1488219,0.5,0.3666667,True
15:21:10.788,(0.437307, -0.275578, 4.500000),0.1477231,0.5,0.3722222,True
15:21:10.803,(0.437307, -0.302033, 4.500000),0.1477231,0.5,0.3722222,True
15:21:10.820,(0.430691, -0.315261, 4.500000),0.1485777,0.5,0.3722222,True
15:21:10.842,(0.424078, -0.328489, 4.500000),0.1483335,0.5,0.3722222,True
15:21:10.862,(0.417465, -0.341716, 4.500000),0.149066,0.5,0.3722222,True
15:21:10.886,(0.397623, -0.354944, 4.500000),0.1500427,0.5,0.3722222,True
15:21:10.912,(0.357940, -0.374786, 4.500000),0.1506532,0.5,0.3722222,True
15:21:10.927,(0.305030, -0.394627, 4.500000),0.1506532,0.5,0.3722222,True
15:21:10.942,(0.265346, -0.407855, 4.500000),0.1809303,0.5,0.3722222,True
15:21:10.966,(0.199208, -0.421083, 4.500000),0.2109632,0.5,0.3722222,True
15:21:10.985,(0.133069, -0.427697, 4.500000),0.2555244,0.5,0.3722222,True
15:21:11.007,(0.047089, -0.440924, 4.500000),0.2849469,0.5,0.3722222,True
15:21:11.028,(-0.038891, -0.447538, 4.500000),0.4202173,0.5,0.3777778,True
15:21:11.047,(-0.131487, -0.460766, 4.500000),0.4475644,0.5,0.3777778,True
15:21:11.065,(-0.224080, -0.473994, 4.500000),0.4907826,0.5,0.3777778,True
15:21:11.086,(-0.310061, -0.487221, 4.500000),0.5510927,0.5,0.3777778,True
15:21:11.107,(-0.402654, -0.493835, 4.500000),0.5510927,0.5,0.3777778,True
15:21:11.134,(-0.495250, -0.500449, 4.500000),0.5738005,0.5,0.3777778,True
15:21:11.158,(-0.620913, -0.507063, 4.500000),0.6101819,0.5,0.3777778,True
15:21:11.173,(-0.739962, -0.507063, 4.500000),0.6162862,0.5,0.3777778,True
15:21:11.188,(-0.792874, -0.500449, 4.500000),0.6162862,0.5,0.3777778,True
15:21:11.212,(-0.872239, -0.500449, 4.500000),0.6629227,0.5,0.3777778,True
15:21:11.228,(-0.944993, -0.487221, 4.500000),0.7199365,0.5,0.3777778,True
15:21:11.257,(-1.011131, -0.473994, 4.500000),0.7590038,0.5,0.3722222,True
15:21:11.276,(-1.097111, -0.440924, 4.500000),0.7590038,0.5,0.3722222,True
15:21:11.292,(-1.150021, -0.401241, 4.500000),0.7590038,0.5,0.3722222,True
15:21:11.308,(-1.183091, -0.354944, 4.500000),0.7590038,0.5,0.3722222,True
15:21:11.333,(-1.222775, -0.275578, 4.500000),0.7590038,0.5,0.3722222,True
15:21:11.894,(-1.255843, -0.130073, 4.500000),0,0.5,0.4166667,True
15:21:11.917,(-0.574616, -0.050706, 4.500000),0,0.5,0.4166667,True
15:21:11.940,(-0.574616, -0.057320, 4.500000),0,0.5,0.4222222,True
15:21:11.957,(-0.568001, -0.050706, 4.500000),0,0.5,0.4222222,True
15:21:11.973,(-0.561388, -0.050706, 4.500000),0,0.5,0.4166667,True
15:21:11.997,(-0.554775, -0.037479, 4.500000),0.1583445,0.5,0.4166667,True
15:21:12.013,(-0.528318, -0.011023, 4.500000),0.1560249,0.5,0.4111111,True
15:21:12.042,(-0.515091, 0.015432, 4.500000),0.16042,0.5,0.4111111,True
15:21:12.064,(-0.488636, 0.068343, 4.500000),0.176291,0.5,0.4,True
15:21:12.079,(-0.462179, 0.121254, 4.500000),0.2992309,0.5,0.3888889,True
15:21:12.095,(-0.448953, 0.141096, 4.500000),0.2992309,0.5,0.3888889,True
15:21:12.120,(-0.435724, 0.154324, 4.500000),0.5669637,0.5,0.3777778,True
15:21:12.135,(-0.429111, 0.167551, 4.500000),0.5669637,0.5,0.3777778,True
15:21:12.163,(-0.422496, 0.160938, 4.500000),0.6397265,0.5,0.3611111,True
15:21:12.183,(-0.409269, 0.147710, 4.500000),0.6397265,0.5,0.3611111,True
15:21:12.198,(-0.389428, 0.101413, 4.500000),0.6397265,0.5,0.3611111,True
15:21:12.217,(-0.382814, 0.074957, 4.500000),0.6364302,0.5,0.3555556,True
15:21:12.238,(-0.362973, 0.028660, 4.500000),0.6348431,0.5,0.3555556,True
15:21:12.255,(-0.343131, -0.004409, 4.500000),0.6348431,0.5,0.3555556,True
15:21:12.284,(-0.329902, -0.024251, 4.500000),0.6359419,0.5,0.35,True
15:21:12.307,(-0.296834, -0.063934, 4.500000),0.6355757,0.5,0.35,True
15:21:12.325,(-0.276992, -0.090390, 4.500000),0.6365523,0.5,0.35,True
15:21:12.338,(-0.270377, -0.097003, 4.500000),0.6343548,0.5,0.35,True
15:21:12.363,(-0.263764, -0.103617, 4.500000),0.6364302,0.5,0.35,True
15:21:13.140,(-0.263764, -0.103617, 4.500000),0,0.5,0.3611111,False
15:21:13.155,(-0.263764, -0.103617, 4.500000),0,0.5,0.3611111,False
15:21:13.175,(-0.263764, -0.103617, 4.500000),0,0.5,0.3611111,False
