15:12:10.683,(-0.382814, -0.520291, 4.500000),0,0.5,0.4722222,False
15:12:10.710,(0.767999, -0.136687, 4.500000),0,0.5,0.4722222,False
15:12:10.722,(0.754772, -0.116845, 4.500000),0,0.5,0.4722222,False
15:12:10.747,(0.754772, -0.110231, 4.500000),0,0.5,0.4555556,False
15:12:10.762,(0.754772, -0.097003, 4.500000),0,0.5,0.4555556,False
15:12:10.786,(0.754772, -0.090390, 4.500000),0,0.5,0.45,False
15:12:10.805,(0.754772, -0.090390, 4.500000),0,0.5,0.45,False
15:12:10.827,(0.754772, -0.090390, 4.500000),0.1441826,0.5,0.4222222,False
15:12:10.846,(0.754772, -0.103617, 4.500000),0.2199976,0.5,0.4166667,False
15:12:10.866,(0.754773, -0.123459, 4.500000),0.2199976,0.5,0.4166667,False
15:12:10.888,(0.754772, -0.149914, 4.500000),0.2267122,0.5,0.4,False
15:12:10.915,(0.754772, -0.182984, 4.500000),0.2264681,0.5,0.3944444,False
15:12:10.944,(0.761386, -0.222667, 4.500000),0.2264681,0.5,0.3944444,False
15:12:10.959,(0.767999, -0.275578, 4.500000),0.2291539,0.5,0.3888889,False
15:12:10.970,(0.767999, -0.295419, 4.500000),0.2291539,0.5,0.3888889,False
15:12:10.990,(0.774612, -0.315261, 4.500000),0.2291539,0.5,0.3888889,False
15:12:11.009,(0.774612, -0.341716, 4.500000),0.2298865,0.5,0.3888889,False
15:12:11.038,(0.774612, -0.368172, 4.500000),0.2324502,0.5,0.3888889,False
15:12:11.060,(0.774612, -0.394627, 4.500000),0.2337932,0.5,0.3888889,False
15:12:11.075,(0.767999, -0.421083, 4.500000),0.2344036,0.5,0.3888889,False
15:12:11.091,(0.754772, -0.447538, 4.500000),0.2344036,0.5,0.3888889,False
15:12:11.117,(0.748157, -0.460766, 4.500000),0.2351361,0.5,0.3888889,False
15:12:11.133,(0.715089, -0.480608, 4.500000),0.234892,0.5,0.3944444,False
15:12:11.160,(0.695247, -0.493835, 4.500000),0.2357465,0.5,0.3944444,False
15:12:11.181,(0.642335, -0.513677, 4.500000),0.2444146,0.5,0.3944444,False
15:12:11.197,(0.576197, -0.533519, 4.500000),0.2444146,0.5,0.3944444,False
15:12:11.212,(0.529900, -0.540133, 4.500000),0.2444146,0.5,0.3944444,False
15:12:11.234,(0.490217, -0.553360, 4.500000),0.4812599,0.5,0.3944444,False
15:12:11.253,(0.384395, -0.566588, 4.500000),0.5579295,0.5,0.3944444,False
15:12:11.281,(0.331485, -0.566588, 4.500000),0.6618239,0.5,0.3944444,False
15:12:11.299,(0.212434, -0.579816, 4.500000),0.7640093,0.5,0.3944444,False
15:12:11.315,(0.126454, -0.579816, 4.500000),0.8685142,0.5,0.3944444,False
15:12:11.335,(0.033860, -0.579816, 4.500000),1,0.5,0.3944444,False
15:12:11.360,(-0.058733, -0.579816, 4.500000),1,0.5,0.3944444,False
15:12:11.374,(-0.184397, -0.579816, 4.500000),1,0.5,0.3944444,False
15:12:11.401,(-0.243922, -0.579816, 4.500000),1,0.5,0.3944444,False
15:12:11.421,(-0.329902, -0.566588, 4.500000),1,0.5,0.3944444,False
15:12:11.441,(-0.448953, -0.553360, 4.500000),1,0.5,0.3944444,False
15:12:11.455,(-0.528318, -0.540133, 4.500000),1,0.5,0.3944444,False
15:12:11.479,(-0.581230, -0.533519, 4.500000),1,0.5,0.3944444,False
15:12:11.494,(-0.667210, -0.507063, 4.500000),1,0.5,0.3944444,False
15:12:11.521,(-0.700278, -0.493835, 4.500000),1,0.5,0.3944444,False
15:12:11.543,(-0.766417, -0.454152, 4.500000),1,0.5,0.3944444,False
15:12:11.559,(-0.806100, -0.414469, 4.500000),1,0.5,0.3944444,False
15:12:11.576,(-0.839171, -0.368172, 4.500000),1,0.5,0.3944444,False
15:12:11.602,(-0.852399, -0.328489, 4.500000),1,0.5,0.3944444,False
15:12:11.617,(-0.859012, -0.249122, 4.500000),1,0.5,0.3944444,False
15:12:11.644,(-0.859012, -0.209439, 4.500000),1,0.5,0.3944444,False
15:12:12.595,(-0.839170, -0.116845, 4.500000),0,0.5,0.4722222,False
15:12:12.614,(-0.210854, -0.196211, 4.500000),0,0.5,0.4777778,False
15:12:12.641,(-0.210854, -0.189597, 4.500000),0,0.5,0.4722222,False
15:12:12.654,(-0.210854, -0.176370, 4.500000),0,0.5,0.4722222,False
15:12:12.680,(-0.204239, -0.156528, 4.500000),0,0.5,0.4611111,False
15:12:12.699,(-0.197625, -0.130073, 4.500000),0.3182762,0.5,0.45,False
15:12:12.715,(-0.177784, -0.083776, 4.500000),0.3182762,0.5,0.45,False
15:12:12.735,(-0.171170, -0.050706, 4.500000),0.355268,0.5,0.4444444,False
15:12:12.759,(-0.157942, -0.011023, 4.500000),0.6730558,0.5,0.4388889,False
15:12:12.776,(-0.131487, 0.041888, 4.500000),0.7931876,0.5,0.4222222,False
15:12:12.801,(-0.124874, 0.061729, 4.500000),0.7931876,0.5,0.4222222,False
15:12:12.822,(-0.111645, 0.081571, 4.500000),0.7931876,0.5,0.4222222,False
15:12:12.841,(-0.105032, 0.081571, 4.500000),1,0.5,0.4,False
15:12:12.858,(-0.085190, 0.074957, 4.500000),1,0.5,0.3888889,False
15:12:12.880,(-0.065348, 0.048502, 4.500000),1,0.5,0.3888889,False
15:12:12.899,(-0.045507, 0.015432, 4.500000),1,0.5,0.3888889,False
15:12:12.922,(-0.025665, -0.030865, 4.500000),1,0.5,0.3833333,False
15:12:12.945,(0.000790, -0.077162, 4.500000),1,0.5,0.3833333,False
15:12:12.966,(0.040474, -0.130073, 4.500000),1,0.5,0.3833333,False
15:12:12.979,(0.066929, -0.163142, 4.500000),1,0.5,0.3833333,False
15:12:13.000,(0.080157, -0.176370, 4.500000),1,0.5,0.3833333,False
15:12:13.023,(0.086770, -0.182984, 4.500000),1,0.5,0.3833333,False
15:12:13.047,(0.086770, -0.189597, 4.500000),1,0.5,0.3833333,False
15:12:13.064,(0.086770, -0.189597, 4.500000),1,0.5,0.3833333,False
15:12:13.966,(0.086770, -0.189597, 4.500000),0,0.5,0.4944444,False
15:12:13.980,(0.086770, -0.189597, 4.500000),0,0.5,0.4944444,False
15:12:13.997,(0.086770, -0.189597, 4.500000),0,0.5,0.4944444,False
