14:11:21.765,(-2.763806, -0.632727, 4.500000),0,0,0.5,True
14:11:21.765,(-2.763806, -0.632727, 4.500000),0,0,0.5,True
14:11:21.790,(-2.486023, -0.262350, 4.500000),0,0,0.5,True
14:11:21.791,(-2.486023, -0.262350, 4.500000),0,0,0.5,True
14:11:21.801,(-2.486023, -0.275578, 4.500000),0,0,0.5,True
14:11:21.802,(-2.486023, -0.275578, 4.500000),0,0,0.5,True
14:11:21.823,(-2.492636, -0.282192, 4.500000),0,0,0.5,True
14:11:21.824,(-2.492636, -0.282192, 4.500000),0,0,0.5,True
14:11:21.847,(-2.505865, -0.282192, 4.500000),0,0,0.5,True
14:11:21.847,(-2.505865, -0.282192, 4.500000),0,0,0.5,True
14:11:21.861,(-2.525707, -0.275578, 4.500000),0,0,0.5,True
14:11:21.861,(-2.525707, -0.275578, 4.500000),0,0,0.5,True
14:11:21.872,(-2.532320, -0.275578, 4.500000),0.1049933,0.5,0.4944444,True
14:11:21.873,(-2.532320, -0.275578, 4.500000),0.1049933,0.5,0.4944444,True
14:11:21.888,(-2.532320, -0.268964, 4.500000),0.115981,0.5,0.4888889,True
14:11:21.888,(-2.532320, -0.268964, 4.500000),0.115981,0.5,0.4888889,True
14:11:21.900,(-2.532320, -0.255736, 4.500000),0.1198877,0.5,0.4833333,True
14:11:21.901,(-2.532320, -0.255736, 4.500000),0.1198877,0.5,0.4833333,True
14:11:21.920,(-2.525707, -0.235895, 4.500000),0.1206202,0.5,0.4833333,True
14:11:21.921,(-2.525707, -0.235895, 4.500000),0.1206202,0.5,0.4833333,True
14:11:21.939,(-2.519092, -0.222667, 4.500000),0.2987425,0.5,0.4722222,True
14:11:21.939,(-2.519092, -0.222667, 4.500000),0.2987425,0.5,0.4722222,True
14:11:21.952,(-2.499250, -0.189597, 4.500000),0.366744,0.5,0.4722222,True
14:11:21.952,(-2.499250, -0.189597, 4.500000),0.366744,0.5,0.4722222,True
14:11:21.964,(-2.479410, -0.169756, 4.500000),0.366744,0.5,0.4722222,True
14:11:21.964,(-2.479410, -0.169756, 4.500000),0.366744,0.5,0.4722222,True
14:11:21.981,(-2.459568, -0.156528, 4.500000),0.4509828,0.5,0.4611111,True
14:11:21.981,(-2.459568, -0.156528, 4.500000),0.4509828,0.5,0.4611111,True
14:11:21.997,(-2.433112, -0.143301, 4.500000),0.4480527,0.5,0.4611111,True
14:11:21.997,(-2.433112, -0.143301, 4.500000),0.4480527,0.5,0.4611111,True
14:11:22.021,(-2.406657, -0.143300, 4.500000),0.4489073,0.5,0.45,True
14:11:22.022,(-2.406657, -0.143300, 4.500000),0.4489073,0.5,0.45,True
14:11:22.042,(-2.380201, -0.143301, 4.500000),0.4493957,0.5,0.45,True
14:11:22.043,(-2.380201, -0.143301, 4.500000),0.4493957,0.5,0.45,True
14:11:22.059,(-2.340518, -0.169756, 4.500000),0.4605054,0.5,0.45,True
14:11:22.059,(-2.340518, -0.169756, 4.500000),0.4605054,0.5,0.45,True
14:11:22.069,(-2.333905, -0.182984, 4.500000),0.4605054,0.5,0.45,True
14:11:22.070,(-2.333905, -0.182984, 4.500000),0.4605054,0.5,0.45,True
14:11:22.084,(-2.327289, -0.202825, 4.500000),0.4716152,0.5,0.45,True
14:11:22.085,(-2.327289, -0.202825, 4.500000),0.4716152,0.5,0.45,True
14:11:22.096,(-2.327290, -0.222667, 4.500000),0.4716152,0.5,0.45,True
14:11:22.096,(-2.327290, -0.222667, 4.500000),0.4716152,0.5,0.45,True
14:11:22.118,(-2.327290, -0.249122, 4.500000),0.4716152,0.5,0.45,True
14:11:22.118,(-2.327290, -0.249122, 4.500000),0.4716152,0.5,0.45,True
14:11:22.139,(-2.340518, -0.268964, 4.500000),0.4716152,0.5,0.45,True
14:11:22.140,(-2.340518, -0.268964, 4.500000),0.4716152,0.5,0.45,True
14:11:22.154,(-2.373589, -0.288806, 4.500000),0.4662434,0.5,0.45,True
14:11:22.154,(-2.373589, -0.288806, 4.500000),0.4662434,0.5,0.45,True
14:11:22.168,(-2.419885, -0.308647, 4.500000),0.4659993,0.5,0.4555556,True
14:11:22.169,(-2.419885, -0.308647, 4.500000),0.4659993,0.5,0.4555556,True
14:11:22.184,(-2.459569, -0.315261, 4.500000),0.466976,0.5,0.4555556,True
14:11:22.184,(-2.459569, -0.315261, 4.500000),0.466976,0.5,0.4555556,True
14:11:22.196,(-2.499250, -0.328489, 4.500000),0.466976,0.5,0.4555556,True
14:11:22.197,(-2.499250, -0.328489, 4.500000),0.466976,0.5,0.4555556,True
14:11:22.218,(-2.552162, -0.328489, 4.500000),0.4877304,0.5,0.45,True
14:11:22.219,(-2.552162, -0.328489, 4.500000),0.4877304,0.5,0.45,True
14:11:22.237,(-2.618300, -0.335103, 4.500000),0.5147113,0.5,0.45,True
14:11:22.237,(-2.618300, -0.335103, 4.500000),0.5147113,0.5,0.45,True
14:11:22.255,(-2.677825, -0.341716, 4.500000),0.5507264,0.5,0.45,True
14:11:22.255,(-2.677825, -0.341716, 4.500000),0.5507264,0.5,0.45,True
14:11:22.267,(-2.724122, -0.348330, 4.500000),0.5507264,0.5,0.45,True
14:11:22.267,(-2.724122, -0.348330, 4.500000),0.5507264,0.5,0.45,True
14:11:22.285,(-2.737351, -0.354944, 4.500000),0.5852765,0.5,0.45,True
14:11:22.285,(-2.737351, -0.354944, 4.500000),0.5852765,0.5,0.45,True
14:11:22.299,(-2.750577, -0.361558, 4.500000),0.5866194,0.5,0.4555556,True
14:11:22.301,(-2.750577, -0.361558, 4.500000),0.5866194,0.5,0.4555556,True
14:11:22.318,(-2.757191, -0.381400, 4.500000),0.5877182,0.5,0.4555556,True
14:11:22.319,(-2.757191, -0.381400, 4.500000),0.5877182,0.5,0.4555556,True
14:11:22.340,(-2.750577, -0.394627, 4.500000),0.6507142,0.5,0.4611111,True
14:11:22.340,(-2.750577, -0.394627, 4.500000),0.6507142,0.5,0.4611111,True
14:11:22.354,(-2.737351, -0.440925, 4.500000),0.6507142,0.5,0.4611111,True
14:11:22.354,(-2.737351, -0.440925, 4.500000),0.6507142,0.5,0.4611111,True
14:11:22.366,(-2.730736, -0.473994, 4.500000),0.7111464,0.5,0.4611111,True
14:11:22.366,(-2.730736, -0.473994, 4.500000),0.7111464,0.5,0.4611111,True
14:11:22.386,(-2.724122, -0.507063, 4.500000),0.714931,0.5,0.4611111,True
14:11:22.387,(-2.724122, -0.507063, 4.500000),0.714931,0.5,0.4611111,True
14:11:22.403,(-2.704281, -0.573202, 4.500000),0.9753388,0.5,0.4666667,True
14:11:22.403,(-2.704281, -0.573202, 4.500000),0.9753388,0.5,0.4666667,True
14:11:22.430,(-2.697668, -0.626113, 4.500000),1,0.5,0.4722222,True
14:11:22.430,(-2.697668, -0.626113, 4.500000),1,0.5,0.4722222,True
14:11:22.449,(-2.677826, -0.745162, 4.500000),1,0.5,0.4777778,True
14:11:22.449,(-2.677826, -0.745162, 4.500000),1,0.5,0.4777778,True
14:11:22.466,(-2.664597, -0.844370, 4.500000),1,0.5,0.4777778,True
14:11:22.466,(-2.664597, -0.844370, 4.500000),1,0.5,0.4777778,True
14:11:22.479,(-2.657984, -0.884053, 4.500000),1,0.5,0.4777778,True
14:11:22.479,(-2.657984, -0.884053, 4.500000),1,0.5,0.4777778,True
14:11:23.365,(-2.657984, -0.923737, 4.500000),0,0,0.5,True
14:11:23.365,(-2.657984, -0.923737, 4.500000),0,0,0.5,True
14:11:23.378,(-2.657984, -0.923737, 4.500000),0,0,0.5,True
14:11:23.378,(-2.657984, -0.923737, 4.500000),0,0,0.5,True
14:11:23.397,(-2.657984, -0.923737, 4.500000),0,0,0.5,True
14:11:23.397,(-2.657984, -0.923737, 4.500000),0,0,0.5,True
14:11:23.415,(-2.657984, -0.923737, 4.500000),0,0,0.5,True
14:11:23.415,(-2.657984, -0.923737, 4.500000),0,0,0.5,True
14:11:23.429,(-2.657984, -0.923737, 4.500000),0,0,0.5,True
14:11:23.429,(-2.657984, -0.923737, 4.500000),0,0,0.5,True
