13:47:10.471,(-2.512479, -0.586430, 4.500000),0,0,0.5,True
13:47:10.471,(-2.512479, -0.586430, 4.500000),0,0,0.5,True
13:47:10.493,(-2.380201, -0.447538, 4.500000),0,0,0.5,True
13:47:10.493,(-2.380201, -0.447538, 4.500000),0,0,0.5,True
13:47:10.514,(-2.393428, -0.447538, 4.500000),0,0,0.5,True
13:47:10.514,(-2.393428, -0.447538, 4.500000),0,0,0.5,True
13:47:10.528,(-2.400043, -0.447538, 4.500000),0,0,0.5,True
13:47:10.529,(-2.400043, -0.447538, 4.500000),0,0,0.5,True
13:47:10.541,(-2.419885, -0.447538, 4.500000),0,0,0.5,True
13:47:10.542,(-2.419885, -0.447538, 4.500000),0,0,0.5,True
13:47:10.558,(-2.419885, -0.440924, 4.500000),0.1600537,0,0.5,True
13:47:10.558,(-2.419885, -0.440924, 4.500000),0.1600537,0,0.5,True
13:47:10.570,(-2.433112, -0.434311, 4.500000),0.1600537,0,0.5,True
13:47:10.570,(-2.433112, -0.434311, 4.500000),0.1600537,0,0.5,True
13:47:10.589,(-2.433112, -0.427697, 4.500000),0.1565132,0,0.5,True
13:47:10.590,(-2.433112, -0.427697, 4.500000),0.1565132,0,0.5,True
13:47:10.610,(-2.433112, -0.421083, 4.500000),0.1537053,0,0.5,True
13:47:10.610,(-2.433112, -0.421083, 4.500000),0.1537053,0,0.5,True
13:47:10.623,(-2.433112, -0.394627, 4.500000),0.1609083,0,0.5,True
13:47:10.623,(-2.433112, -0.394627, 4.500000),0.1609083,0,0.5,True
13:47:10.636,(-2.433112, -0.374786, 4.500000),0.1609083,0,0.5,True
13:47:10.636,(-2.433112, -0.374786, 4.500000),0.1609083,0,0.5,True
13:47:10.652,(-2.426498, -0.354944, 4.500000),0.2573556,0,0.5,True
13:47:10.652,(-2.426498, -0.354944, 4.500000),0.2573556,0,0.5,True
13:47:10.667,(-2.419885, -0.341716, 4.500000),0.3447686,0.5,0.4944444,True
13:47:10.667,(-2.419885, -0.341716, 4.500000),0.3447686,0.5,0.4944444,True
13:47:10.692,(-2.406657, -0.315261, 4.500000),0.3943352,0.5,0.4944444,True
13:47:10.693,(-2.406657, -0.315261, 4.500000),0.3943352,0.5,0.4944444,True
13:47:10.715,(-2.386815, -0.302033, 4.500000),0.3943352,0.5,0.4944444,True
13:47:10.715,(-2.386815, -0.302033, 4.500000),0.3943352,0.5,0.4944444,True
13:47:10.730,(-2.353746, -0.288806, 4.500000),0.5208156,0.5,0.4888889,True
13:47:10.730,(-2.353746, -0.288806, 4.500000),0.5208156,0.5,0.4888889,True
13:47:10.742,(-2.340518, -0.288806, 4.500000),0.5208156,0.5,0.4888889,True
13:47:10.743,(-2.340518, -0.288806, 4.500000),0.5208156,0.5,0.4888889,True
13:47:10.756,(-2.327289, -0.288806, 4.500000),0.6488829,0.5,0.4833333,True
13:47:10.756,(-2.327289, -0.288806, 4.500000),0.6488829,0.5,0.4833333,True
13:47:10.771,(-2.314063, -0.295420, 4.500000),0.6651202,0.5,0.4777778,True
13:47:10.771,(-2.314063, -0.295420, 4.500000),0.6651202,0.5,0.4777778,True
13:47:10.792,(-2.307450, -0.302033, 4.500000),0.6651202,0.5,0.4777778,True
13:47:10.793,(-2.307450, -0.302033, 4.500000),0.6651202,0.5,0.4777778,True
13:47:10.815,(-2.294221, -0.321875, 4.500000),0.6659749,0.5,0.4666667,True
13:47:10.815,(-2.294221, -0.321875, 4.500000),0.6659749,0.5,0.4666667,True
13:47:10.830,(-2.287608, -0.341716, 4.500000),0.6659749,0.5,0.4666667,True
13:47:10.830,(-2.287608, -0.341716, 4.500000),0.6659749,0.5,0.4666667,True
13:47:10.842,(-2.287608, -0.354944, 4.500000),0.6659749,0.5,0.4666667,True
13:47:10.842,(-2.287608, -0.354944, 4.500000),0.6659749,0.5,0.4666667,True
13:47:10.857,(-2.287608, -0.368172, 4.500000),0.6659749,0.5,0.4666667,True
13:47:10.857,(-2.287608, -0.368172, 4.500000),0.6659749,0.5,0.4666667,True
13:47:10.869,(-2.287608, -0.381400, 4.500000),0.6659749,0.5,0.4666667,True
13:47:10.869,(-2.287608, -0.381400, 4.500000),0.6659749,0.5,0.4666667,True
13:47:10.894,(-2.287608, -0.394627, 4.500000),0.6674399,0.5,0.45,True
13:47:10.894,(-2.287608, -0.394627, 4.500000),0.6674399,0.5,0.45,True
13:47:10.912,(-2.294221, -0.414469, 4.500000),0.6730558,0.5,0.45,True
13:47:10.913,(-2.294221, -0.414469, 4.500000),0.6730558,0.5,0.45,True
13:47:10.928,(-2.300835, -0.427697, 4.500000),0.6789159,0.5,0.45,True
13:47:10.928,(-2.300835, -0.427697, 4.500000),0.6789159,0.5,0.45,True
13:47:10.939,(-2.314063, -0.440924, 4.500000),0.6789159,0.5,0.45,True
13:47:10.940,(-2.314063, -0.440924, 4.500000),0.6789159,0.5,0.45,True
13:47:10.955,(-2.327290, -0.447538, 4.500000),0.6789159,0.5,0.45,True
13:47:10.956,(-2.327290, -0.447538, 4.500000),0.6789159,0.5,0.45,True
13:47:10.968,(-2.347131, -0.460766, 4.500000),0.6789159,0.5,0.45,True
13:47:10.968,(-2.347131, -0.460766, 4.500000),0.6789159,0.5,0.45,True
13:47:10.991,(-2.360360, -0.467380, 4.500000),0.6789159,0.5,0.45,True
13:47:10.991,(-2.360360, -0.467380, 4.500000),0.6789159,0.5,0.45,True
13:47:11.013,(-2.393428, -0.473994, 4.500000),0.8344525,0.5,0.4666667,True
13:47:11.014,(-2.393428, -0.473994, 4.500000),0.8344525,0.5,0.4666667,True
13:47:11.029,(-2.446340, -0.487221, 4.500000),1,0.5,0.4722222,True
13:47:11.029,(-2.446340, -0.487221, 4.500000),1,0.5,0.4722222,True
13:47:11.039,(-2.472795, -0.487222, 4.500000),1,0.5,0.4722222,True
13:47:11.039,(-2.472795, -0.487222, 4.500000),1,0.5,0.4722222,True
13:47:11.054,(-2.499250, -0.493835, 4.500000),1,0.5,0.4722222,True
13:47:11.054,(-2.499250, -0.493835, 4.500000),1,0.5,0.4722222,True
13:47:11.067,(-2.525707, -0.500449, 4.500000),1,0.5,0.4777778,True
13:47:11.067,(-2.525707, -0.500449, 4.500000),1,0.5,0.4777778,True
13:47:11.092,(-2.552162, -0.500449, 4.500000),1,0.5,0.4777778,True
13:47:11.092,(-2.552162, -0.500449, 4.500000),1,0.5,0.4777778,True
13:47:11.113,(-2.598458, -0.500449, 4.500000),1,0.5,0.4777778,True
13:47:11.114,(-2.598458, -0.500449, 4.500000),1,0.5,0.4777778,True
13:47:11.128,(-2.651371, -0.500449, 4.500000),1,0.5,0.4777778,True
13:47:11.128,(-2.651371, -0.500449, 4.500000),1,0.5,0.4777778,True
13:47:11.139,(-2.671212, -0.500449, 4.500000),1,0.5,0.4777778,True
13:47:11.140,(-2.671212, -0.500449, 4.500000),1,0.5,0.4777778,True
13:47:11.155,(-2.697667, -0.493835, 4.500000),1,0.5,0.4777778,True
13:47:11.155,(-2.697667, -0.493835, 4.500000),1,0.5,0.4777778,True
13:47:11.167,(-2.710894, -0.487221, 4.500000),1,0.5,0.4777778,True
13:47:11.168,(-2.710894, -0.487221, 4.500000),1,0.5,0.4777778,True
13:47:11.189,(-2.717509, -0.487221, 4.500000),1,0.5,0.4722222,True
13:47:11.190,(-2.717509, -0.487221, 4.500000),1,0.5,0.4722222,True
13:47:11.208,(-2.724122, -0.493835, 4.500000),1,0.5,0.4722222,True
13:47:11.209,(-2.724122, -0.493835, 4.500000),1,0.5,0.4722222,True
13:47:11.224,(-2.730736, -0.500449, 4.500000),1,0.5,0.4722222,True
13:47:11.224,(-2.730736, -0.500449, 4.500000),1,0.5,0.4722222,True
13:47:11.235,(-2.724122, -0.507063, 4.500000),1,0.5,0.4722222,True
13:47:11.236,(-2.724122, -0.507063, 4.500000),1,0.5,0.4722222,True
13:47:11.251,(-2.724123, -0.526905, 4.500000),1,0.5,0.4666667,True
13:47:11.251,(-2.724123, -0.526905, 4.500000),1,0.5,0.4666667,True
13:47:11.267,(-2.717509, -0.540133, 4.500000),1,0.5,0.4666667,True
13:47:11.267,(-2.717509, -0.540133, 4.500000),1,0.5,0.4666667,True
13:47:11.295,(-2.710894, -0.559974, 4.500000),1,0.5,0.4666667,True
13:47:11.295,(-2.710894, -0.559974, 4.500000),1,0.5,0.4666667,True
13:47:11.313,(-2.704281, -0.612885, 4.500000),1,0.5,0.4666667,True
13:47:11.313,(-2.704281, -0.612885, 4.500000),1,0.5,0.4722222,True
13:47:11.328,(-2.704281, -0.665796, 4.500000),1,0.5,0.4722222,True
13:47:11.328,(-2.704281, -0.665796, 4.500000),1,0.5,0.4722222,True
13:47:11.341,(-2.704281, -0.698865, 4.500000),1,0.5,0.4722222,True
13:47:11.341,(-2.704281, -0.698865, 4.500000),1,0.5,0.4722222,True
13:47:11.358,(-2.697667, -0.738549, 4.500000),1,0.5,0.4722222,True
13:47:11.359,(-2.697667, -0.738549, 4.500000),1,0.5,0.4722222,True
13:47:11.373,(-2.697667, -0.798073, 4.500000),1,0.5,0.4722222,True
13:47:11.373,(-2.697667, -0.798073, 4.500000),1,0.5,0.4722222,True
13:47:11.393,(-2.691052, -0.837757, 4.500000),1,0.5,0.4777778,True
13:47:11.393,(-2.691052, -0.837757, 4.500000),1,0.5,0.4777778,True
13:47:11.415,(-2.691052, -0.897281, 4.500000),1,0.5,0.4777778,True
13:47:11.415,(-2.691052, -0.897281, 4.500000),1,0.5,0.4777778,True
13:47:11.431,(-2.691052, -0.956806, 4.500000),1,0.5,0.4833333,True
13:47:11.432,(-2.691052, -0.956806, 4.500000),1,0.5,0.4833333,True
13:47:11.448,(-2.691052, -0.976648, 4.500000),1,0.5,0.4833333,True
13:47:11.448,(-2.691052, -0.976648, 4.500000),1,0.5,0.4833333,True
13:47:11.466,(-2.691052, -1.003103, 4.500000),1,0.5,0.4833333,True
13:47:11.467,(-2.691052, -1.003103, 4.500000),1,0.5,0.4833333,True
13:47:11.481,(-2.691052, -1.016331, 4.500000),1,0.5,0.4888889,True
13:47:11.482,(-2.691052, -1.016331, 4.500000),1,0.5,0.4888889,True
13:47:11.506,(-2.684439, -1.016331, 4.500000),1,0.5,0.4944444,True
13:47:11.506,(-2.684439, -1.016331, 4.500000),1,0.5,0.4944444,True
13:47:11.526,(-2.684439, -1.016331, 4.500000),1,0.5,0.4944444,True
13:47:11.526,(-2.684439, -1.016331, 4.500000),1,0.5,0.4944444,True
13:47:11.542,(-2.684439, -1.016331, 4.500000),1,0,0.5,True
13:47:11.542,(-2.684439, -1.016331, 4.500000),1,0,0.5,True
13:47:11.555,(-2.684439, -1.016331, 4.500000),1,0,0.5,True
13:47:11.556,(-2.684439, -1.016331, 4.500000),1,0,0.5,True
13:47:12.517,(-2.684439, -1.009717, 4.500000),0,0,0.5,False
13:47:12.518,(-2.684439, -1.009717, 4.500000),0,0,0.5,False
13:47:12.533,(-2.684439, -1.009717, 4.500000),0,0,0.5,False
13:47:12.533,(-2.684439, -1.009717, 4.500000),0,0,0.5,False
13:47:12.551,(-2.684439, -1.009717, 4.500000),0,0,0.5,False
13:47:12.551,(-2.684439, -1.009717, 4.500000),0,0,0.5,False
13:47:12.569,(-2.684439, -1.009717, 4.500000),0,0,0.5,False
13:47:12.569,(-2.684439, -1.009717, 4.500000),0,0,0.5,False
