15:32:03.096,(-0.349744, 1.106720, 4.500000),0,0.5,0.4222222,False
15:32:03.096,(-0.349744, 1.106720, 4.500000),0,0.5,0.4222222,False
15:32:03.124,(0.430691, 0.200621, 4.500000),0,0.5,0.4055555,False
15:32:03.124,(0.430691, 0.200621, 4.500000),0,0.5,0.4055555,False
15:32:03.137,(0.424078, 0.207235, 4.500000),0,0.5,0.4055555,False
15:32:03.137,(0.424078, 0.207235, 4.500000),0,0.5,0.4055555,False
15:32:03.159,(0.424078, 0.200621, 4.500000),0,0.5,0.3888889,False
15:32:03.160,(0.424078, 0.200621, 4.500000),0,0.5,0.3888889,False
15:32:03.177,(0.437307, 0.187393, 4.500000),0,0.5,0.3833333,False
15:32:03.177,(0.437307, 0.187393, 4.500000),0,0.5,0.3833333,False
15:32:03.206,(0.437307, 0.174165, 4.500000),0.1151264,0.5,0.3722222,False
15:32:03.206,(0.437307, 0.174165, 4.500000),0.1151264,0.5,0.3722222,False
15:32:03.224,(0.450533, 0.147710, 4.500000),0.1063362,0.5,0.3611111,False
15:32:03.224,(0.450533, 0.147710, 4.500000),0.1071908,0.5,0.3555556,False
15:32:03.241,(0.463762, 0.121254, 4.500000),0.1071908,0.5,0.3555556,False
15:32:03.241,(0.463762, 0.121254, 4.500000),0.1071908,0.5,0.3555556,False
15:32:03.259,(0.476990, 0.088185, 4.500000),0.1084117,0.5,0.35,False
15:32:03.259,(0.476990, 0.088185, 4.500000),0.1084117,0.5,0.35,False
15:32:03.284,(0.490217, 0.061729, 4.500000),0.1132951,0.5,0.3444445,False
15:32:03.285,(0.490217, 0.061729, 4.500000),0.1132951,0.5,0.3444445,False
15:32:03.298,(0.510058, 0.015432, 4.500000),0.1251373,0.5,0.3444445,False
15:32:03.299,(0.510058, 0.015432, 4.500000),0.1251373,0.5,0.3444445,False
15:32:03.328,(0.523287, -0.011023, 4.500000),0.1622512,0.5,0.3388889,False
15:32:03.329,(0.523287, -0.011023, 4.500000),0.1921621,0.5,0.3388889,False
15:32:03.349,(0.549742, -0.063934, 4.500000),0.222073,0.5,0.3388889,False
15:32:03.350,(0.549742, -0.063934, 4.500000),0.222073,0.5,0.3388889,False
15:32:03.366,(0.576197, -0.116845, 4.500000),0.2300085,0.5,0.3388889,False
15:32:03.367,(0.576197, -0.116845, 4.500000),0.2300085,0.5,0.3388889,False
15:32:03.381,(0.582812, -0.143300, 4.500000),0.2368453,0.5,0.3388889,False
15:32:03.381,(0.582812, -0.143300, 4.500000),0.2368453,0.5,0.3388889,False
15:32:03.406,(0.596039, -0.176370, 4.500000),0.2447809,0.5,0.3388889,False
15:32:03.406,(0.596039, -0.176370, 4.500000),0.2447809,0.5,0.3388889,False
15:32:03.420,(0.609267, -0.209439, 4.500000),0.2695642,0.5,0.3388889,False
15:32:03.421,(0.609267, -0.209439, 4.500000),0.2695642,0.5,0.3388889,False
15:32:03.451,(0.609267, -0.235895, 4.500000),0.2695642,0.5,0.3388889,False
15:32:03.451,(0.609267, -0.235895, 4.500000),0.2695642,0.5,0.3388889,False
15:32:03.473,(0.596039, -0.275578, 4.500000),0.318032,0.5,0.3333333,False
15:32:03.473,(0.596039, -0.275578, 4.500000),0.318032,0.5,0.3333333,False
15:32:03.492,(0.569584, -0.308647, 4.500000),0.3285313,0.5,0.3333333,False
15:32:03.492,(0.569584, -0.308647, 4.500000),0.3285313,0.5,0.3333333,False
15:32:03.504,(0.523287, -0.335103, 4.500000),0.3285313,0.5,0.3333333,False
15:32:03.505,(0.523287, -0.335103, 4.500000),0.3285313,0.5,0.3333333,False
15:32:03.530,(0.490217, -0.354944, 4.500000),0.3541692,0.5,0.3388889,False
15:32:03.530,(0.490217, -0.354944, 4.500000),0.3541692,0.5,0.3388889,False
15:32:03.545,(0.397623, -0.388014, 4.500000),0.3541692,0.5,0.3388889,False
15:32:03.545,(0.397623, -0.388014, 4.500000),0.3541692,0.5,0.3388889,False
15:32:03.573,(0.338098, -0.401241, 4.500000),0.3787083,0.5,0.3388889,False
15:32:03.573,(0.338098, -0.401241, 4.500000),0.401172,0.5,0.3388889,False
15:32:03.595,(0.212434, -0.427697, 4.500000),0.4210719,0.5,0.3333333,False
15:32:03.596,(0.212434, -0.427697, 4.500000),0.4210719,0.5,0.3333333,False
15:32:03.610,(0.113227, -0.447538, 4.500000),0.4319375,0.5,0.3333333,False
15:32:03.610,(0.113227, -0.447538, 4.500000),0.4319375,0.5,0.3333333,False
15:32:03.626,(0.000790, -0.460766, 4.500000),0.4346234,0.5,0.3388889,False
15:32:03.626,(0.000790, -0.460766, 4.500000),0.4346234,0.5,0.3388889,False
15:32:03.646,(-0.078575, -0.473994, 4.500000),0.439873,0.5,0.3388889,False
15:32:03.647,(-0.078575, -0.473994, 4.500000),0.439873,0.5,0.3388889,False
15:32:03.665,(-0.197625, -0.487221, 4.500000),0.4396289,0.5,0.3388889,False
15:32:03.665,(-0.197625, -0.487221, 4.500000),0.4396289,0.5,0.3388889,False
15:32:03.692,(-0.323289, -0.493835, 4.500000),0.4403614,0.5,0.3388889,False
15:32:03.693,(-0.323289, -0.493835, 4.500000),0.4403614,0.5,0.3388889,False
15:32:03.712,(-0.448953, -0.493835, 4.500000),0.4403614,0.5,0.3388889,False
15:32:03.712,(-0.448953, -0.493835, 4.500000),0.4403614,0.5,0.3388889,False
15:32:03.730,(-0.614298, -0.480608, 4.500000),0.4589183,0.5,0.3388889,False
15:32:03.731,(-0.614298, -0.480608, 4.500000),0.4589183,0.5,0.3388889,False
15:32:03.748,(-0.726735, -0.460766, 4.500000),0.4655109,0.5,0.3388889,False
15:32:03.748,(-0.726735, -0.460766, 4.500000),0.4655109,0.5,0.3388889,False
15:32:03.771,(-0.799487, -0.447538, 4.500000),0.5206934,0.5,0.3388889,False
15:32:03.771,(-0.799487, -0.447538, 4.500000),0.5206934,0.5,0.3388889,False
15:32:03.787,(-0.925151, -0.407855, 4.500000),0.5206934,0.5,0.3388889,False
15:32:03.787,(-0.925151, -0.407855, 4.500000),0.5206934,0.5,0.3388889,False
15:32:03.818,(-0.984676, -0.374786, 4.500000),0.6372848,0.5,0.3444445,False
15:32:03.819,(-0.984676, -0.374786, 4.500000),0.6372848,0.5,0.3444445,False
15:32:03.839,(-1.083883, -0.302033, 4.500000),0.6931999,0.5,0.3444445,False
15:32:03.839,(-1.083883, -0.302033, 4.500000),0.6931999,0.5,0.3444445,False
15:32:03.856,(-1.163250, -0.216053, 4.500000),0.8301795,0.5,0.3444445,False
15:32:03.856,(-1.163250, -0.216053, 4.500000),0.8301795,0.5,0.3444445,False
15:32:03.870,(-1.209546, -0.143301, 4.500000),0.9953607,0.5,0.3444445,False
15:32:03.870,(-1.209546, -0.143301, 4.500000),0.9953607,0.5,0.3444445,False
15:32:03.895,(-1.222775, -0.110231, 4.500000),0.9953607,0.5,0.3444445,False
15:32:03.896,(-1.222775, -0.110231, 4.500000),0.9953607,0.5,0.3444445,False
15:32:03.909,(-1.269072, 0.041888, 4.500000),1,0.5,0.3444445,False
15:32:03.910,(-1.269072, 0.041888, 4.500000),1,0.5,0.3444445,False
15:32:03.938,(-1.275685, 0.108026, 4.500000),1,0.5,0.3444445,False
15:32:03.939,(-1.275685, 0.108026, 4.500000),1,0.5,0.3444445,False
15:32:03.958,(-1.282300, 0.213848, 4.500000),1,0.5,0.3444445,False
15:32:03.958,(-1.282300, 0.213848, 4.500000),1,0.5,0.3444445,False
15:32:03.975,(-1.295527, 0.273373, 4.500000),1,0.5,0.3444445,False
15:32:03.975,(-1.295527, 0.273373, 4.500000),1,0.5,0.3444445,False
15:32:03.993,(-1.295527, 0.299829, 4.500000),1,0.5,0.3444445,False
15:32:03.993,(-1.295527, 0.299829, 4.500000),1,0.5,0.3444445,False
15:32:04.614,(-1.302140, 0.319670, 4.500000),0,0.5,0.4166667,False
15:32:04.614,(-1.302140, 0.319670, 4.500000),0,0.5,0.4166667,False
15:32:04.628,(-0.184397, -0.877440, 4.500000),0,0.5,0.4166667,False
15:32:04.628,(-0.184397, -0.877440, 4.500000),0,0.5,0.4166667,False
15:32:05.718,(-0.197625, -0.877440, 4.500000),0,0,0.5,False
15:32:05.718,(-0.197625, -0.877440, 4.500000),0,0,0.5,False
15:32:05.735,(-0.197625, -0.877440, 4.500000),0,0,0.5,False
15:32:05.736,(-0.197625, -0.877440, 4.500000),0,0,0.5,False
