13:39:57.506,(-2.657984, -0.731935, 4.500000),0,0,0.5,False
13:39:57.506,(-2.657984, -0.731935, 4.500000),0,0,0.5,False
13:39:57.530,(-2.353746, -0.288806, 4.500000),0,0,0.5,False
13:39:57.531,(-2.353746, -0.288806, 4.500000),0,0,0.5,False
13:39:57.548,(-2.360360, -0.275578, 4.500000),0,0,0.5,False
13:39:57.548,(-2.360360, -0.275578, 4.500000),0,0,0.5,False
13:39:57.567,(-2.360360, -0.262350, 4.500000),0,0,0.5,False
13:39:57.567,(-2.360360, -0.262350, 4.500000),0,0,0.5,False
13:39:57.594,(-2.360360, -0.262350, 4.500000),0,0,0.5,False
13:39:57.594,(-2.360360, -0.262350, 4.500000),0,0,0.5,False
13:39:57.609,(-2.360360, -0.275578, 4.500000),0,0,0.5,False
13:39:57.609,(-2.360360, -0.275578, 4.500000),0,0,0.5,False
13:39:57.623,(-2.353746, -0.288806, 4.500000),0.153339,0,0.5,False
13:39:57.623,(-2.353746, -0.288806, 4.500000),0.153339,0,0.5,False
13:39:57.642,(-2.353746, -0.302033, 4.500000),0.153339,0,0.5,False
13:39:57.643,(-2.353746, -0.302033, 4.500000),0.153339,0,0.5,False
13:39:57.656,(-2.340518, -0.335103, 4.500000),0.2116958,0,0.5,False
13:39:57.656,(-2.340518, -0.335103, 4.500000),0.2116958,0,0.5,False
13:39:57.676,(-2.333905, -0.361558, 4.500000),0.2116958,0.5,0.4944444,False
13:39:57.676,(-2.333905, -0.361558, 4.500000),0.2116958,0.5,0.4944444,False
13:39:57.699,(-2.320676, -0.407855, 4.500000),0.2347699,0.5,0.4944444,False
13:39:57.700,(-2.320676, -0.407855, 4.500000),0.2347699,0.5,0.4944444,False
13:39:57.717,(-2.314063, -0.454152, 4.500000),0.2347699,0.5,0.4944444,False
13:39:57.718,(-2.314063, -0.454152, 4.500000),0.2347699,0.5,0.4944444,False
13:39:57.731,(-2.314063, -0.500449, 4.500000),0.2347699,0.5,0.4944444,False
13:39:57.731,(-2.314063, -0.500449, 4.500000),0.2347699,0.5,0.4944444,False
13:39:57.747,(-2.314063, -0.526905, 4.500000),0.3469662,0.5,0.4888889,False
13:39:57.747,(-2.314063, -0.526905, 4.500000),0.3469662,0.5,0.4888889,False
13:39:57.760,(-2.327290, -0.559974, 4.500000),0.3469662,0.5,0.4888889,False
13:39:57.760,(-2.327290, -0.559974, 4.500000),0.3469662,0.5,0.4888889,False
13:39:57.779,(-2.340518, -0.579816, 4.500000),0.4457331,0.5,0.4833333,False
13:39:57.779,(-2.340518, -0.579816, 4.500000),0.4457331,0.5,0.4833333,False
13:39:57.797,(-2.347131, -0.606271, 4.500000),0.4780857,0.5,0.4833333,False
13:39:57.797,(-2.347131, -0.606271, 4.500000),0.4780857,0.5,0.4833333,False
13:39:57.813,(-2.366973, -0.639340, 4.500000),0.5476743,0.5,0.4833333,False
13:39:57.813,(-2.366973, -0.639340, 4.500000),0.5476743,0.5,0.4833333,False
13:39:57.828,(-2.393428, -0.665796, 4.500000),0.598828,0.5,0.4888889,False
13:39:57.829,(-2.393428, -0.665796, 4.500000),0.598828,0.5,0.4888889,False
13:39:57.846,(-2.419885, -0.685638, 4.500000),0.6176291,0.5,0.4888889,False
13:39:57.846,(-2.419885, -0.685638, 4.500000),0.6176291,0.5,0.4888889,False
13:39:57.865,(-2.459569, -0.705479, 4.500000),0.690514,0.5,0.4944444,False
13:39:57.866,(-2.459569, -0.705479, 4.500000),0.690514,0.5,0.4944444,False
13:39:57.885,(-2.499250, -0.725321, 4.500000),0.690514,0.5,0.4944444,False
13:39:57.885,(-2.499250, -0.725321, 4.500000),0.690514,0.5,0.4944444,False
13:39:57.911,(-2.532320, -0.738549, 4.500000),0.7829325,0,0.5,False
13:39:57.913,(-2.532320, -0.738549, 4.500000),0.7829325,0,0.5,False
13:39:57.929,(-2.591846, -0.751776, 4.500000),0.8173605,0,0.5,False
13:39:57.930,(-2.591846, -0.751776, 4.500000),0.8173605,0,0.5,False
13:39:57.943,(-2.638142, -0.751776, 4.500000),0.8644854,0,0.5,False
13:39:57.943,(-2.638142, -0.751776, 4.500000),0.8644854,0,0.5,False
13:39:57.961,(-2.664597, -0.758390, 4.500000),0.8847516,0,0.5,False
13:39:57.962,(-2.664597, -0.758390, 4.500000),0.8847516,0,0.5,False
13:39:57.974,(-2.697667, -0.758390, 4.500000),0.8847516,0,0.5,False
13:39:57.974,(-2.697667, -0.758390, 4.500000),0.8847516,0,0.5,False
13:39:57.995,(-2.724123, -0.758390, 4.500000),0.8881699,0,0.5,False
13:39:57.996,(-2.724123, -0.758390, 4.500000),0.8881699,0,0.5,False
13:39:58.348,(-2.737351, -0.751776, 4.500000),0,0,0.5,False
13:39:58.348,(-2.737351, -0.751776, 4.500000),0,0,0.5,False
13:39:58.372,(-2.380201, -0.116845, 4.500000),0,0,0.5,False
13:39:58.373,(-2.380201, -0.116845, 4.500000),0,0,0.5,False
13:39:58.384,(-2.373589, -0.116845, 4.500000),0,0,0.5,False
13:39:58.384,(-2.373589, -0.116845, 4.500000),0,0,0.5,False
13:39:58.401,(-2.373588, -0.123459, 4.500000),0,0,0.5,False
13:39:58.401,(-2.373588, -0.123459, 4.500000),0,0,0.5,False
13:39:58.416,(-2.373589, -0.130073, 4.500000),0,0,0.5,False
13:39:58.416,(-2.373589, -0.130073, 4.500000),0,0,0.5,False
13:39:58.436,(-2.373588, -0.143301, 4.500000),0,0,0.5,False
13:39:58.437,(-2.373588, -0.143301, 4.500000),0,0,0.5,False
13:39:58.458,(-2.373588, -0.149914, 4.500000),0.7869613,0,0.5,False
13:39:58.458,(-2.373588, -0.149914, 4.500000),0.7869613,0,0.5,False
13:39:59.668,(-2.373588, -0.143301, 4.500000),0,0,0.5,False
13:39:59.669,(-2.373588, -0.143301, 4.500000),0,0,0.5,False
13:39:59.681,(-2.373588, -0.143301, 4.500000),0,0,0.5,False
13:39:59.681,(-2.373588, -0.143301, 4.500000),0,0,0.5,False
13:39:59.703,(-2.373588, -0.143301, 4.500000),0,0,0.5,False
13:39:59.703,(-2.373588, -0.143301, 4.500000),0,0,0.5,False
13:39:59.717,(-2.373588, -0.143301, 4.500000),0,0,0.5,False
13:39:59.717,(-2.373588, -0.143301, 4.500000),0,0,0.5,False
13:39:59.728,(-2.373588, -0.143301, 4.500000),0,0,0.5,False
13:39:59.728,(-2.373588, -0.143301, 4.500000),0,0,0.5,False
13:39:59.745,(-2.373588, -0.143301, 4.500000),0,0,0.5,False
13:39:59.745,(-2.373588, -0.143301, 4.500000),0,0,0.5,False
