15:00:00.122,(0.357940, 0.564383, 4.500000),0,0.3747222,0.4888889,False
15:00:00.123,(0.357940, 0.564383, 4.500000),0,0.3747222,0.4888889,False
15:00:00.144,(1.052397, 0.055116, 4.500000),0,0.5,0.4944444,False
15:00:00.145,(1.052397, 0.055116, 4.500000),0,0.5,0.4944444,False
15:00:00.165,(1.045781, 0.061729, 4.500000),0,0,0.5,False
15:00:00.166,(1.045781, 0.061729, 4.500000),0,0,0.5,False
15:00:00.185,(1.045781, 0.061729, 4.500000),0,0,0.5,False
15:00:00.185,(1.045781, 0.061729, 4.500000),0,0,0.5,False
15:00:00.196,(1.045781, 0.048502, 4.500000),0,0,0.5,False
15:00:00.196,(1.045781, 0.048502, 4.500000),0,0,0.5,False
15:00:00.218,(1.059010, 0.015432, 4.500000),1,0.5,0.4888889,False
15:00:00.218,(1.059010, 0.015432, 4.500000),1,0.5,0.4888889,False
15:00:00.234,(1.085465, -0.050706, 4.500000),1,0.4063889,0.4777778,False
15:00:00.234,(1.085465, -0.050706, 4.500000),1,0.4063889,0.4777778,False
15:00:00.261,(1.092078, -0.090390, 4.500000),1,0.4391667,0.4666667,False
15:00:00.261,(1.092078, -0.090390, 4.500000),1,0.4391667,0.4666667,False
15:00:00.281,(1.105307, -0.182984, 4.500000),1,0.4427778,0.45,False
15:00:00.281,(1.105307, -0.182984, 4.500000),1,0.4427778,0.45,False
15:00:00.298,(1.105307, -0.249122, 4.500000),1,0.4427778,0.45,False
15:00:00.298,(1.105307, -0.249122, 4.500000),1,0.4427778,0.45,False
15:00:00.314,(1.098693, -0.302033, 4.500000),1,0.4427778,0.45,False
15:00:00.314,(1.098693, -0.302033, 4.500000),1,0.4427778,0.45,False
15:00:00.337,(1.085465, -0.335103, 4.500000),1,0.4261111,0.4222222,False
15:00:00.337,(1.085465, -0.335103, 4.500000),1,0.4261111,0.4222222,False
15:00:00.354,(1.059010, -0.381400, 4.500000),1,0.4211111,0.4166667,False
15:00:00.354,(1.059010, -0.381400, 4.500000),1,0.4211111,0.4166667,False
15:00:00.382,(1.039168, -0.407855, 4.500000),1,0.4211111,0.4166667,False
15:00:00.383,(1.039168, -0.407855, 4.500000),1,0.4211111,0.4166667,False
15:00:00.404,(0.959801, -0.440924, 4.500000),1,0.4261111,0.4,False
15:00:00.404,(0.959801, -0.440924, 4.500000),1,0.4261111,0.4,False
15:00:00.419,(0.834138, -0.473994, 4.500000),1,0.4261111,0.4,False
15:00:00.419,(0.834138, -0.473994, 4.500000),1,0.4261111,0.4,False
15:00:00.434,(0.767999, -0.487221, 4.500000),1,0.4261111,0.4,False
15:00:00.434,(0.767999, -0.487221, 4.500000),1,0.4261111,0.4,False
15:00:00.456,(0.701860, -0.493835, 4.500000),1,0.4261111,0.4111111,False
15:00:00.456,(0.701860, -0.493835, 4.500000),1,0.4261111,0.4111111,False
15:00:00.472,(0.569584, -0.500449, 4.500000),1,0.4261111,0.4111111,False
15:00:00.473,(0.569584, -0.500449, 4.500000),1,0.4261111,0.4111111,False
15:00:00.503,(0.496832, -0.513677, 4.500000),1,0.4261111,0.4111111,False
15:00:00.503,(0.496832, -0.513677, 4.500000),1,0.4261111,0.4111111,False
15:00:00.523,(0.338098, -0.520291, 4.500000),1,0.4211111,0.4166667,False
15:00:00.523,(0.338098, -0.520291, 4.500000),1,0.4211111,0.4166667,False
15:00:00.538,(0.199208, -0.520291, 4.500000),1,0.4211111,0.4166667,False
15:00:00.538,(0.199208, -0.520291, 4.500000),1,0.4211111,0.4166667,False
15:00:00.554,(0.146296, -0.513677, 4.500000),1,0.4119444,0.4111111,False
15:00:00.554,(0.146296, -0.513677, 4.500000),1,0.4119444,0.4111111,False
15:00:00.575,(0.106612, -0.500449, 4.500000),1,0.4119444,0.4111111,False
15:00:00.576,(0.106612, -0.500449, 4.500000),1,0.4119444,0.4111111,False
15:00:00.594,(0.047089, -0.460766, 4.500000),1,0.4119444,0.4111111,False
15:00:00.594,(0.047089, -0.460766, 4.500000),1,0.4119444,0.4111111,False
15:00:00.623,(0.014019, -0.421083, 4.500000),1,0.4088889,0.4055555,False
15:00:00.624,(0.014019, -0.421083, 4.500000),1,0.4088889,0.4055555,False
15:00:00.646,(-0.012436, -0.368172, 4.500000),1,0.4088889,0.4055555,False
15:00:00.646,(-0.012436, -0.368172, 4.500000),1,0.4088889,0.4055555,False
15:00:00.660,(-0.032278, -0.275578, 4.500000),1,0.4088889,0.4055555,False
15:00:00.661,(-0.032278, -0.275578, 4.500000),1,0.4088889,0.4055555,False
15:00:00.672,(-0.032278, -0.189597, 4.500000),1,0.4088889,0.4055555,False
15:00:00.673,(-0.032278, -0.189597, 4.500000),1,0.4088889,0.4055555,False
15:00:00.698,(-0.025665, -0.130073, 4.500000),1,0.4138889,0.4,False
15:00:00.698,(-0.025665, -0.130073, 4.500000),1,0.4138889,0.4,False
15:00:00.712,(-0.012436, -0.063934, 4.500000),1,0.4138889,0.4,False
15:00:00.712,(-0.012436, -0.063934, 4.500000),1,0.4138889,0.4,False
15:00:00.739,(-0.005823, -0.011023, 4.500000),1,0.4138889,0.4,False
15:00:00.739,(-0.005823, -0.011023, 4.500000),1,0.4138889,0.4,False
15:00:00.758,(0.000790, 0.015432, 4.500000),1,0.4138889,0.4,False
15:00:00.758,(0.000790, 0.015432, 4.500000),1,0.4138889,0.4,False
15:00:00.773,(0.000790, 0.028660, 4.500000),1,0.4138889,0.4,False
15:00:00.775,(0.000790, 0.028660, 4.500000),1,0.4138889,0.4,False
15:00:00.789,(0.000790, 0.035274, 4.500000),1,0.4138889,0.4,False
15:00:00.789,(0.000790, 0.035274, 4.500000),1,0.4138889,0.4,False
15:00:00.817,(0.000790, 0.035274, 4.500000),1,0.4108333,0.3944444,False
15:00:00.818,(0.000790, 0.035274, 4.500000),1,0.4108333,0.3944444,False
15:00:01.300,(-0.005823, 0.022046, 4.500000),0,0,0.5,False
15:00:01.301,(-0.005823, 0.022046, 4.500000),0,0,0.5,False
15:00:01.327,(0.648951, -0.738549, 4.500000),0,0,0.5,False
15:00:01.328,(0.648951, -0.738549, 4.500000),0,0,0.5,False
15:00:02.092,(0.629109, -0.738549, 4.500000),0,0,0.5,False
15:00:02.093,(0.629109, -0.738549, 4.500000),0,0,0.5,False
15:00:02.106,(0.629109, -0.738549, 4.500000),0,0,0.5,False
15:00:02.106,(0.629109, -0.738549, 4.500000),0,0,0.5,False
