14:07:42.427,(-2.274379, -0.083776, 4.500000),0,0,0.5,True
14:07:42.428,(-2.274379, -0.083776, 4.500000),0,0,0.5,True
14:07:42.452,(-2.406657, -0.460766, 4.500000),0,0,0.5,True
14:07:42.452,(-2.406657, -0.460766, 4.500000),0,0,0.5,True
14:07:42.464,(-2.400043, -0.454152, 4.500000),0,0,0.5,True
14:07:42.464,(-2.400043, -0.454152, 4.500000),0,0,0.5,True
14:07:42.485,(-2.400043, -0.434311, 4.500000),0,0,0.5,True
14:07:42.485,(-2.400043, -0.434311, 4.500000),0,0,0.5,True
14:07:42.507,(-2.393428, -0.407855, 4.500000),0,0,0.5,True
14:07:42.507,(-2.393428, -0.407855, 4.500000),0,0,0.5,True
14:07:42.521,(-2.386815, -0.368172, 4.500000),0.2480772,0,0.5,True
14:07:42.521,(-2.386815, -0.368172, 4.500000),0.2480772,0,0.5,True
14:07:42.530,(-2.380201, -0.354944, 4.500000),0.2522281,0,0.5,True
14:07:42.531,(-2.380201, -0.354944, 4.500000),0.2522281,0,0.5,True
14:07:42.547,(-2.366973, -0.341716, 4.500000),0.249298,0,0.5,True
14:07:42.547,(-2.366973, -0.341716, 4.500000),0.249298,0,0.5,True
14:07:42.560,(-2.347131, -0.315261, 4.500000),0.2447809,0,0.5,True
14:07:42.560,(-2.347131, -0.315261, 4.500000),0.2447809,0,0.5,True
14:07:42.581,(-2.340518, -0.308647, 4.500000),0.2508851,0,0.5,True
14:07:42.582,(-2.340518, -0.308647, 4.500000),0.2508851,0,0.5,True
14:07:42.601,(-2.307450, -0.282192, 4.500000),0.4060554,0,0.5,True
14:07:42.601,(-2.307450, -0.282192, 4.500000),0.4060554,0,0.5,True
14:07:42.616,(-2.261151, -0.242509, 4.500000),0.4717373,0,0.5,True
14:07:42.616,(-2.261151, -0.242509, 4.500000),0.4717373,0,0.5,True
14:07:42.628,(-2.247924, -0.229281, 4.500000),0.5081187,0,0.5,True
14:07:42.629,(-2.247924, -0.229281, 4.500000),0.5081187,0,0.5,True
14:07:42.646,(-2.228082, -0.216053, 4.500000),0.5553656,0,0.5,True
14:07:42.647,(-2.228082, -0.216053, 4.500000),0.5553656,0,0.5,True
14:07:42.659,(-2.208241, -0.209439, 4.500000),0.5540227,0,0.5,True
14:07:42.659,(-2.208241, -0.209439, 4.500000),0.5540227,0,0.5,True
14:07:42.683,(-2.181786, -0.209439, 4.500000),0.5503601,0,0.5,True
14:07:42.683,(-2.181786, -0.209439, 4.500000),0.5503601,0,0.5,True
14:07:42.702,(-2.155329, -0.209439, 4.500000),0.5503601,0,0.5,True
14:07:42.702,(-2.155329, -0.209439, 4.500000),0.5503601,0,0.5,True
14:07:42.721,(-2.128874, -0.222667, 4.500000),0.5436454,0,0.5,True
14:07:42.721,(-2.128874, -0.222667, 4.500000),0.5436454,0,0.5,True
14:07:42.734,(-2.109033, -0.235895, 4.500000),0.5338786,0,0.5,True
14:07:42.734,(-2.109033, -0.235895, 4.500000),0.5338786,0,0.5,True
14:07:42.749,(-2.095806, -0.255736, 4.500000),0.5276523,0,0.5,True
14:07:42.749,(-2.095806, -0.255736, 4.500000),0.5276523,0,0.5,True
14:07:42.767,(-2.089190, -0.275578, 4.500000),0.5276523,0,0.5,True
14:07:42.767,(-2.089190, -0.275578, 4.500000),0.5250885,0,0.5,True
14:07:42.792,(-2.075964, -0.288806, 4.500000),0.5231351,0,0.5,True
14:07:42.792,(-2.075964, -0.288806, 4.500000),0.5231351,0,0.5,True
14:07:42.812,(-2.075964, -0.308647, 4.500000),0.5231351,0,0.5,True
14:07:42.812,(-2.075964, -0.308647, 4.500000),0.5231351,0,0.5,True
14:07:42.829,(-2.082577, -0.328489, 4.500000),0.5195947,0,0.5,True
14:07:42.829,(-2.082577, -0.328489, 4.500000),0.5195947,0,0.5,True
14:07:42.841,(-2.089190, -0.341716, 4.500000),0.5210597,0,0.5,True
14:07:42.842,(-2.089190, -0.341716, 4.500000),0.5210597,0,0.5,True
14:07:42.859,(-2.102419, -0.361558, 4.500000),0.5210597,0,0.5,True
14:07:42.859,(-2.102419, -0.361558, 4.500000),0.5210597,0,0.5,True
14:07:42.876,(-2.115647, -0.381400, 4.500000),0.5210597,0,0.5,True
14:07:42.876,(-2.115647, -0.381400, 4.500000),0.5210597,0,0.5,True
14:07:42.899,(-2.128874, -0.394627, 4.500000),0.524356,0,0.5,True
14:07:42.899,(-2.128874, -0.394627, 4.500000),0.524356,0,0.5,True
14:07:42.918,(-2.161944, -0.414469, 4.500000),0.530094,0,0.5,True
14:07:42.919,(-2.161944, -0.414469, 4.500000),0.530094,0,0.5,True
14:07:42.935,(-2.195013, -0.427697, 4.500000),0.5310707,0,0.5,True
14:07:42.935,(-2.195013, -0.427697, 4.500000),0.5310707,0,0.5,True
14:07:42.946,(-2.241309, -0.434311, 4.500000),0.5463313,0,0.5,True
14:07:42.946,(-2.241309, -0.434311, 4.500000),0.5463313,0,0.5,True
14:07:42.961,(-2.267766, -0.434311, 4.500000),0.581614,0,0.5,True
14:07:42.961,(-2.267766, -0.434311, 4.500000),0.581614,0,0.5,True
14:07:42.978,(-2.300835, -0.440924, 4.500000),0.5940667,0,0.5,True
14:07:42.978,(-2.300835, -0.440924, 4.500000),0.5940667,0,0.5,True
14:07:43.001,(-2.353746, -0.440924, 4.500000),0.6198266,0,0.5,True
14:07:43.001,(-2.353746, -0.440924, 4.500000),0.6198266,0,0.5,True
14:07:43.020,(-2.393428, -0.440924, 4.500000),0.6253205,0,0.5,True
14:07:43.020,(-2.393428, -0.440924, 4.500000),0.6253205,0,0.5,True
14:07:43.035,(-2.433112, -0.434311, 4.500000),0.6253205,0,0.5,True
14:07:43.036,(-2.433112, -0.434311, 4.500000),0.6253205,0,0.5,True
14:07:43.047,(-2.459569, -0.434311, 4.500000),0.6327677,0,0.5,True
14:07:43.047,(-2.459569, -0.434311, 4.500000),0.6327677,0,0.5,True
14:07:43.061,(-2.472795, -0.421083, 4.500000),0.6333781,0,0.5,True
14:07:43.061,(-2.472795, -0.421083, 4.500000),0.6333781,0,0.5,True
14:07:43.075,(-2.486024, -0.414469, 4.500000),0.6342327,0,0.5,True
14:07:43.076,(-2.486024, -0.414469, 4.500000),0.6342327,0,0.5,True
14:07:43.101,(-2.505865, -0.401241, 4.500000),0.6335002,0,0.5,True
14:07:43.102,(-2.505865, -0.401241, 4.500000),0.6335002,0,0.5,True
14:07:43.125,(-2.525707, -0.368172, 4.500000),0.6359419,0,0.5,True
14:07:43.125,(-2.525707, -0.368172, 4.500000),0.6359419,0,0.5,True
14:07:43.140,(-2.538934, -0.328489, 4.500000),0.6377732,0,0.5,True
14:07:43.140,(-2.538934, -0.328489, 4.500000),0.6377732,0,0.5,True
14:07:43.151,(-2.538933, -0.315261, 4.500000),0.637529,0,0.5,True
14:07:43.152,(-2.538933, -0.315261, 4.500000),0.637529,0,0.5,True
14:07:43.166,(-2.538934, -0.302033, 4.500000),0.6403369,0,0.5,True
14:07:43.166,(-2.538934, -0.302033, 4.500000),0.6403369,0,0.5,True
14:07:43.185,(-2.532320, -0.295419, 4.500000),0.6402149,0,0.5,True
14:07:43.185,(-2.532320, -0.295419, 4.500000),0.6402149,0,0.5,True
14:07:43.210,(-2.532320, -0.288806, 4.500000),0.6449762,0,0.5,True
14:07:43.211,(-2.532320, -0.288806, 4.500000),0.6449762,0,0.5,True
14:07:43.232,(-2.532320, -0.288806, 4.500000),0.6687828,0,0.5,True
14:07:43.232,(-2.532320, -0.288806, 4.500000),0.6687828,0,0.5,True
14:07:43.249,(-2.525707, -0.302033, 4.500000),0.6687828,0,0.5,True
14:07:43.250,(-2.525707, -0.302033, 4.500000),0.6687828,0,0.5,True
14:07:43.263,(-2.525707, -0.328489, 4.500000),0.7078501,0,0.5,True
14:07:43.264,(-2.525707, -0.328489, 4.500000),0.7078501,0,0.5,True
14:07:43.282,(-2.532320, -0.341716, 4.500000),0.7078501,0,0.5,True
14:07:43.283,(-2.532320, -0.341716, 4.500000),0.7078501,0,0.5,True
14:07:43.296,(-2.532321, -0.368172, 4.500000),0.7078501,0,0.5,True
14:07:43.296,(-2.532321, -0.368172, 4.500000),0.7078501,0,0.5,True
14:07:43.319,(-2.538934, -0.407855, 4.500000),0.7605909,0,0.5,True
14:07:43.320,(-2.538934, -0.407855, 4.500000),0.7605909,0,0.5,True
14:07:43.339,(-2.545549, -0.447538, 4.500000),0.7605909,0,0.5,True
14:07:43.339,(-2.545549, -0.447538, 4.500000),0.7605909,0,0.5,True
14:07:43.353,(-2.552162, -0.487221, 4.500000),0.7605909,0,0.5,True
14:07:43.353,(-2.552162, -0.487221, 4.500000),0.7605909,0,0.5,True
14:07:43.365,(-2.558775, -0.513677, 4.500000),0.7648638,0,0.5,True
14:07:43.365,(-2.558775, -0.513677, 4.500000),0.7648638,0,0.5,True
14:07:43.382,(-2.565389, -0.540133, 4.500000),0.7652301,0,0.5,True
14:07:43.382,(-2.565389, -0.540133, 4.500000),0.7652301,0,0.5,True
14:07:43.398,(-2.578617, -0.579816, 4.500000),0.7652301,0,0.5,True
14:07:43.399,(-2.578617, -0.579816, 4.500000),0.7652301,0,0.5,True
14:07:43.417,(-2.591846, -0.599657, 4.500000),0.7652301,0,0.5,True
14:07:43.417,(-2.591846, -0.599657, 4.500000),0.7652301,0,0.5,True
14:07:43.437,(-2.605072, -0.619499, 4.500000),0.7652301,0,0.5,True
14:07:43.437,(-2.605072, -0.619499, 4.500000),0.7652301,0,0.5,True
14:07:43.451,(-2.644755, -0.639340, 4.500000),0.7712123,0,0.5,True
14:07:43.453,(-2.644755, -0.639340, 4.500000),0.7712123,0,0.5,True
14:07:43.464,(-2.671212, -0.645954, 4.500000),0.7737761,0,0.5,True
14:07:43.464,(-2.671212, -0.645954, 4.500000),0.7737761,0,0.5,True
14:07:43.481,(-2.691052, -0.645954, 4.500000),0.7925772,0,0.5,True
14:07:43.481,(-2.691052, -0.645954, 4.500000),0.7925772,0,0.5,True
14:07:43.493,(-2.724122, -0.632727, 4.500000),0.8141863,0,0.5,True
14:07:43.493,(-2.724122, -0.632727, 4.500000),0.8141863,0,0.5,True
14:07:43.514,(-2.737351, -0.632727, 4.500000),0.8141863,0,0.5,True
14:07:43.515,(-2.737351, -0.632727, 4.500000),0.8141863,0,0.5,True
14:07:43.535,(-2.763806, -0.606271, 4.500000),0.8141863,0,0.5,True
14:07:43.535,(-2.763806, -0.606271, 4.500000),0.8141863,0,0.5,True
14:07:43.552,(-2.803489, -0.546746, 4.500000),0.8141863,0,0.5,True
14:07:43.552,(-2.803489, -0.546746, 4.500000),0.8141863,0,0.5,True
14:07:43.562,(-2.816716, -0.507063, 4.500000),0.8344525,0,0.5,True
14:07:43.563,(-2.816716, -0.507063, 4.500000),0.8344525,0,0.5,True
14:07:43.577,(-2.823331, -0.460766, 4.500000),0.8344525,0,0.5,True
14:07:43.579,(-2.823331, -0.460766, 4.500000),0.8344525,0,0.5,True
14:07:43.593,(-2.829945, -0.421083, 4.500000),0.8344525,0,0.5,True
14:07:43.593,(-2.829945, -0.421083, 4.500000),0.8344525,0,0.5,True
14:07:44.413,(-2.816716, -0.348330, 4.500000),0,0,0.5,True
14:07:44.413,(-2.816716, -0.348330, 4.500000),0,0,0.5,True
14:07:44.424,(-2.816716, -0.348330, 4.500000),0,0,0.5,True
14:07:44.424,(-2.816716, -0.348330, 4.500000),0,0,0.5,True
14:07:44.443,(-2.816716, -0.348330, 4.500000),0,0,0.5,True
14:07:44.443,(-2.816716, -0.348330, 4.500000),0,0,0.5,True
14:07:44.457,(-2.816716, -0.348330, 4.500000),0,0,0.5,True
14:07:44.458,(-2.816716, -0.348330, 4.500000),0,0,0.5,True
