14:12:55.755,(-2.333905, -0.090390, 4.500000),0,0,0.5,True
14:12:55.756,(-2.333905, -0.090390, 4.500000),0,0,0.5,True
14:12:55.777,(-2.472795, -0.487222, 4.500000),0,0,0.5,True
14:12:55.777,(-2.472795, -0.487222, 4.500000),0,0,0.5,True
14:12:55.790,(-2.466182, -0.487221, 4.500000),0,0,0.5,True
14:12:55.790,(-2.466182, -0.487221, 4.500000),0,0,0.5,True
14:12:55.810,(-2.459568, -0.467380, 4.500000),0,0,0.5,True
14:12:55.811,(-2.459568, -0.467380, 4.500000),0,0,0.5,True
14:12:55.832,(-2.446340, -0.447538, 4.500000),0,0,0.5,True
14:12:55.832,(-2.446340, -0.447538, 4.500000),0,0,0.5,True
14:12:55.847,(-2.426498, -0.407855, 4.500000),0,0,0.5,True
14:12:55.847,(-2.426498, -0.407855, 4.500000),0,0,0.5,True
14:12:55.859,(-2.406657, -0.388014, 4.500000),0.2657795,0,0.5,True
14:12:55.859,(-2.406657, -0.388014, 4.500000),0.2657795,0,0.5,True
14:12:55.875,(-2.393428, -0.368172, 4.500000),0.2657795,0,0.5,True
14:12:55.875,(-2.393428, -0.368172, 4.500000),0.2657795,0,0.5,True
14:12:55.891,(-2.380201, -0.341716, 4.500000),0.4823587,0,0.5,True
14:12:55.892,(-2.380201, -0.341716, 4.500000),0.4823587,0,0.5,True
14:12:55.910,(-2.347131, -0.315261, 4.500000),0.4823587,0,0.5,True
14:12:55.910,(-2.347131, -0.315261, 4.500000),0.4823587,0,0.5,True
14:12:55.930,(-2.327289, -0.302033, 4.500000),0.7111464,0,0.5,True
14:12:55.930,(-2.327289, -0.302033, 4.500000),0.7111464,0,0.5,True
14:12:55.944,(-2.274379, -0.282192, 4.500000),0.7111464,0,0.5,True
14:12:55.944,(-2.274379, -0.282192, 4.500000),0.7111464,0,0.5,True
14:12:55.956,(-2.254537, -0.275578, 4.500000),1,0,0.5,True
14:12:55.957,(-2.254537, -0.275578, 4.500000),1,0,0.5,True
14:12:55.972,(-2.228083, -0.275578, 4.500000),1,0,0.5,True
14:12:55.972,(-2.228083, -0.275578, 4.500000),1,0,0.5,True
14:12:55.985,(-2.208241, -0.275578, 4.500000),1,0,0.5,True
14:12:55.985,(-2.208241, -0.275578, 4.500000),1,0,0.5,True
14:12:56.010,(-2.181786, -0.282192, 4.500000),1,0,0.5,True
14:12:56.010,(-2.181786, -0.282192, 4.500000),1,0,0.5,True
14:12:56.032,(-2.155329, -0.295420, 4.500000),1,0,0.5,True
14:12:56.032,(-2.155329, -0.295420, 4.500000),1,0,0.5,True
14:12:56.047,(-2.115647, -0.321875, 4.500000),1,0,0.5,True
14:12:56.047,(-2.115647, -0.321875, 4.500000),1,0,0.5,True
14:12:56.058,(-2.102419, -0.335103, 4.500000),1,0,0.5,True
14:12:56.058,(-2.102419, -0.335103, 4.500000),1,0,0.5,True
14:12:56.074,(-2.089191, -0.354944, 4.500000),1,0.5,0.4944444,True
14:12:56.075,(-2.089191, -0.354944, 4.500000),1,0.5,0.4944444,True
14:12:56.086,(-2.075964, -0.374786, 4.500000),1,0.5,0.4944444,True
14:12:56.086,(-2.075964, -0.374786, 4.500000),1,0.5,0.4944444,True
14:12:56.107,(-2.069349, -0.394627, 4.500000),1,0.5,0.4944444,True
14:12:56.107,(-2.069349, -0.394627, 4.500000),1,0.5,0.4944444,True
14:12:56.127,(-2.075964, -0.414469, 4.500000),1,0.5,0.4944444,True
14:12:56.127,(-2.075964, -0.414469, 4.500000),1,0.5,0.4944444,True
14:12:56.142,(-2.089190, -0.447538, 4.500000),1,0.5,0.4944444,True
14:12:56.142,(-2.089190, -0.447538, 4.500000),1,0.5,0.4944444,True
14:12:56.155,(-2.122261, -0.473994, 4.500000),1,0.5,0.4944444,True
14:12:56.155,(-2.122261, -0.473994, 4.500000),1,0.5,0.4944444,True
14:12:56.171,(-2.135487, -0.480608, 4.500000),1,0.5,0.4944444,True
14:12:56.172,(-2.135487, -0.480608, 4.500000),1,0.5,0.4944444,True
14:12:56.187,(-2.181786, -0.493835, 4.500000),1,0.5,0.4944444,True
14:12:56.187,(-2.181786, -0.493835, 4.500000),1,0.5,0.4944444,True
14:12:56.212,(-2.241309, -0.507063, 4.500000),1,0.5,0.4944444,True
14:12:56.213,(-2.241309, -0.507063, 4.500000),1,0.5,0.4944444,True
14:12:56.234,(-2.307450, -0.507063, 4.500000),1,0.5,0.4944444,True
14:12:56.234,(-2.307450, -0.507063, 4.500000),1,0.5,0.4944444,True
14:12:56.248,(-2.386815, -0.500449, 4.500000),1,0,0.5,True
14:12:56.249,(-2.386815, -0.500449, 4.500000),1,0,0.5,True
14:12:56.263,(-2.419885, -0.500449, 4.500000),1,0,0.5,True
14:12:56.263,(-2.419885, -0.500449, 4.500000),1,0,0.5,True
14:12:56.278,(-2.452953, -0.487221, 4.500000),1,0,0.5,True
14:12:56.278,(-2.452953, -0.487221, 4.500000),1,0,0.5,True
14:12:56.296,(-2.486023, -0.473994, 4.500000),1,0,0.5,True
14:12:56.296,(-2.486023, -0.473994, 4.500000),1,0,0.5,True
14:12:56.319,(-2.525707, -0.454152, 4.500000),1,0,0.5,True
14:12:56.319,(-2.525707, -0.454152, 4.500000),1,0,0.5,True
14:12:56.337,(-2.552162, -0.421083, 4.500000),1,0,0.5,True
14:12:56.337,(-2.552162, -0.421083, 4.500000),1,0,0.5,True
14:12:56.356,(-2.565389, -0.388014, 4.500000),1,0,0.5,True
14:12:56.356,(-2.565389, -0.388014, 4.500000),1,0,0.5,True
14:12:56.369,(-2.578617, -0.361558, 4.500000),1,0,0.5,True
14:12:56.369,(-2.578617, -0.361558, 4.500000),1,0,0.5,True
14:12:56.387,(-2.578617, -0.348330, 4.500000),1,0,0.5,True
14:12:56.387,(-2.578617, -0.348330, 4.500000),1,0,0.5,True
14:12:56.405,(-2.578617, -0.341716, 4.500000),1,0,0.5,True
14:12:56.405,(-2.578617, -0.341716, 4.500000),1,0,0.5,True
14:12:56.426,(-2.578617, -0.335103, 4.500000),1,0,0.5,True
14:12:56.427,(-2.578617, -0.335103, 4.500000),1,0,0.5,True
14:12:56.447,(-2.578617, -0.335103, 4.500000),1,0,0.5,True
14:12:56.447,(-2.578617, -0.335103, 4.500000),1,0,0.5,True
14:12:56.463,(-2.572003, -0.354944, 4.500000),1,0,0.5,True
14:12:56.463,(-2.572003, -0.354944, 4.500000),1,0,0.5,True
14:12:56.475,(-2.565388, -0.368172, 4.500000),1,0,0.5,True
14:12:56.475,(-2.565388, -0.368172, 4.500000),1,0,0.5,True
14:12:56.491,(-2.565389, -0.394627, 4.500000),1,0,0.5,True
14:12:56.491,(-2.565389, -0.394627, 4.500000),1,0,0.5,True
14:12:56.503,(-2.565389, -0.414469, 4.500000),1,0.5,0.4944444,True
14:12:56.504,(-2.565389, -0.414469, 4.500000),1,0.5,0.4944444,True
14:12:56.528,(-2.572004, -0.454152, 4.500000),1,0.5,0.4944444,True
14:12:56.529,(-2.572004, -0.454152, 4.500000),1,0.5,0.4944444,True
14:12:56.550,(-2.578617, -0.500449, 4.500000),1,0.5,0.4944444,True
14:12:56.550,(-2.578617, -0.500449, 4.500000),1,0.5,0.4944444,True
14:12:56.565,(-2.585230, -0.546746, 4.500000),1,0.5,0.4944444,True
14:12:56.565,(-2.585230, -0.546746, 4.500000),1,0.5,0.4944444,True
14:12:56.578,(-2.591846, -0.593043, 4.500000),1,0.5,0.4944444,True
14:12:56.578,(-2.591846, -0.593043, 4.500000),1,0.5,0.4944444,True
14:12:56.598,(-2.605072, -0.619499, 4.500000),1,0.5,0.4944444,True
14:12:56.599,(-2.605072, -0.619499, 4.500000),1,0.5,0.4944444,True
14:12:56.615,(-2.631529, -0.645954, 4.500000),1,0.5,0.4944444,True
14:12:56.615,(-2.631529, -0.645954, 4.500000),1,0.5,0.4944444,True
14:12:56.636,(-2.644755, -0.659182, 4.500000),1,0.5,0.4944444,True
14:12:56.637,(-2.644755, -0.659182, 4.500000),1,0.5,0.4944444,True
14:12:56.658,(-2.671212, -0.672410, 4.500000),1,0.5,0.4944444,True
14:12:56.658,(-2.671212, -0.672410, 4.500000),1,0.5,0.4944444,True
14:12:56.674,(-2.717509, -0.659182, 4.500000),1,0.5,0.4944444,True
14:12:56.674,(-2.717509, -0.659182, 4.500000),1,0.5,0.4944444,True
14:12:56.686,(-2.743964, -0.652568, 4.500000),1,0.5,0.4944444,True
14:12:56.686,(-2.743964, -0.652568, 4.500000),1,0.5,0.4944444,True
14:12:56.706,(-2.777032, -0.632727, 4.500000),1,0,0.5,True
14:12:56.706,(-2.777032, -0.632727, 4.500000),1,0,0.5,True
14:12:56.719,(-2.816716, -0.593043, 4.500000),1,0,0.5,True
14:12:56.720,(-2.816716, -0.593043, 4.500000),1,0,0.5,True
14:12:56.743,(-2.836558, -0.566588, 4.500000),1,0,0.5,True
14:12:56.744,(-2.836558, -0.566588, 4.500000),1,0,0.5,True
14:12:57.553,(-2.856400, -0.513677, 4.500000),0,0.7183333,0.4666667,True
14:12:57.553,(-2.856400, -0.513677, 4.500000),0,0.7183333,0.4666667,True
14:12:57.571,(-2.856400, -0.513677, 4.500000),0,0.75,0.4777778,True
14:12:57.571,(-2.856400, -0.513677, 4.500000),0,0.75,0.4777778,True
14:12:57.585,(-2.856400, -0.513677, 4.500000),0,0.75,0.4833333,True
14:12:57.585,(-2.856400, -0.513677, 4.500000),0,0.75,0.4833333,True
14:12:57.603,(-2.856400, -0.513677, 4.500000),0,0.75,0.4833333,True
14:12:57.603,(-2.856400, -0.513677, 4.500000),0,0.75,0.4833333,True
