14:54:56.682,(0.298414, -0.559974, 4.500000),0,0.5,0.4944444,True
14:54:56.682,(0.298414, -0.559974, 4.500000),0,0.5,0.4944444,True
14:54:56.705,(0.721702, 0.041888, 4.500000),0,0,0.5,True
14:54:56.706,(0.721702, 0.041888, 4.500000),0,0,0.5,True
14:54:56.718,(0.728316, 0.041888, 4.500000),0,0,0.5,True
14:54:56.718,(0.728316, 0.041888, 4.500000),0,0,0.5,True
14:54:56.740,(0.734931, 0.048502, 4.500000),0,0,0.5,True
14:54:56.741,(0.734931, 0.048502, 4.500000),0,0,0.5,True
14:54:56.757,(0.741544, 0.035274, 4.500000),0,0,0.5,True
14:54:56.757,(0.741544, 0.035274, 4.500000),0,0,0.5,True
14:54:56.782,(0.748157, 0.022046, 4.500000),1,0.5,0.4944444,True
14:54:56.783,(0.748157, 0.022046, 4.500000),1,0.5,0.4944444,True
14:54:56.803,(0.767999, -0.024251, 4.500000),1,0.5,0.4944444,True
14:54:56.804,(0.767999, -0.024251, 4.500000),1,0.5,0.4944444,True
14:54:56.821,(0.781228, -0.083776, 4.500000),1,0.5,0.4944444,True
14:54:56.821,(0.781228, -0.083776, 4.500000),1,0.5,0.4944444,True
14:54:56.837,(0.794454, -0.116845, 4.500000),1,0.5,0.4944444,True
14:54:56.838,(0.794454, -0.116845, 4.500000),1,0.5,0.4944444,True
14:54:56.860,(0.801069, -0.156528, 4.500000),1,0.4261111,0.4611111,True
14:54:56.860,(0.801069, -0.156528, 4.500000),1,0.4261111,0.4611111,True
14:54:56.875,(0.807683, -0.209439, 4.500000),1,0.4261111,0.4611111,True
14:54:56.876,(0.807683, -0.209439, 4.500000),1,0.4261111,0.4611111,True
14:54:56.905,(0.807683, -0.235895, 4.500000),1,0.4333333,0.4444444,True
14:54:56.905,(0.807683, -0.235895, 4.500000),1,0.4333333,0.4444444,True
14:54:56.928,(0.807683, -0.282192, 4.500000),1,0.4319444,0.4277778,True
14:54:56.928,(0.807683, -0.282192, 4.500000),1,0.4319444,0.4277778,True
14:54:56.945,(0.807683, -0.328489, 4.500000),1,0.4369445,0.4277778,True
14:54:56.945,(0.807683, -0.328489, 4.500000),1,0.4369445,0.4277778,True
14:54:56.958,(0.801069, -0.341716, 4.500000),1,0.4413889,0.4222222,True
14:54:56.959,(0.801069, -0.341716, 4.500000),1,0.4413889,0.4222222,True
14:54:56.982,(0.801069, -0.354944, 4.500000),1,0.4413889,0.4222222,True
14:54:56.982,(0.801069, -0.354944, 4.500000),1,0.4413889,0.4222222,True
14:54:56.997,(0.794454, -0.368172, 4.500000),1,0.4413889,0.4222222,True
14:54:56.997,(0.794454, -0.368172, 4.500000),1,0.4413889,0.4222222,True
14:54:57.021,(0.781228, -0.388014, 4.500000),1,0.4522222,0.4222222,True
14:54:57.022,(0.781228, -0.388014, 4.500000),1,0.4522222,0.4222222,True
14:54:57.045,(0.767999, -0.401241, 4.500000),1,0.4522222,0.4222222,True
14:54:57.046,(0.767999, -0.401241, 4.500000),1,0.4522222,0.4222222,True
14:54:57.063,(0.721702, -0.421083, 4.500000),1,0.4608333,0.4277778,True
14:54:57.063,(0.721702, -0.421083, 4.500000),1,0.4608333,0.4277778,True
14:54:57.076,(0.675405, -0.447538, 4.500000),1,0.4608333,0.4277778,True
14:54:57.076,(0.675405, -0.447538, 4.500000),1,0.4608333,0.4277778,True
14:54:57.095,(0.629109, -0.460766, 4.500000),1,0.4608333,0.4277778,True
14:54:57.095,(0.629109, -0.460766, 4.500000),1,0.4608333,0.4277778,True
14:54:57.115,(0.549742, -0.480608, 4.500000),1,0.4575,0.4333333,True
14:54:57.115,(0.549742, -0.480608, 4.500000),1,0.4575,0.4333333,True
14:54:57.140,(0.450533, -0.500449, 4.500000),1,0.4575,0.4333333,True
14:54:57.141,(0.450533, -0.500449, 4.500000),1,0.4575,0.4333333,True
14:54:57.161,(0.351326, -0.513677, 4.500000),1,0.4575,0.4333333,True
14:54:57.161,(0.351326, -0.513677, 4.500000),1,0.4575,0.4333333,True
14:54:57.178,(0.212434, -0.526905, 4.500000),1,0.4536111,0.4388889,True
14:54:57.178,(0.212434, -0.526905, 4.500000),1,0.4536111,0.4388889,True
14:54:57.193,(0.139682, -0.526905, 4.500000),1,0.4536111,0.4388889,True
14:54:57.194,(0.139682, -0.526905, 4.500000),1,0.4536111,0.4388889,True
14:54:57.219,(0.033860, -0.526905, 4.500000),1,0.4536111,0.4388889,True
14:54:57.219,(0.033860, -0.526905, 4.500000),1,0.4536111,0.4388889,True
14:54:57.234,(-0.105032, -0.526905, 4.500000),1,0.4536111,0.4388889,True
14:54:57.235,(-0.105032, -0.526905, 4.500000),1,0.4536111,0.4388889,True
14:54:57.260,(-0.171170, -0.520291, 4.500000),1,0.4536111,0.4388889,True
14:54:57.261,(-0.171170, -0.520291, 4.500000),1,0.4536111,0.4388889,True
14:54:57.281,(-0.276992, -0.507063, 4.500000),1,0.4575,0.4333333,True
14:54:57.281,(-0.276992, -0.507063, 4.500000),1,0.4575,0.4333333,True
14:54:57.296,(-0.336516, -0.487221, 4.500000),1,0.4575,0.4333333,True
14:54:57.296,(-0.336516, -0.487221, 4.500000),1,0.4575,0.4333333,True
14:54:57.317,(-0.369586, -0.480608, 4.500000),1,0.4444444,0.4333333,True
14:54:57.317,(-0.369586, -0.480608, 4.500000),1,0.4444444,0.4333333,True
14:54:57.336,(-0.409269, -0.454152, 4.500000),1,0.4486111,0.4277778,True
14:54:57.336,(-0.409269, -0.454152, 4.500000),1,0.4486111,0.4277778,True
14:54:57.353,(-0.435724, -0.421083, 4.500000),1,0.4608333,0.4277778,True
14:54:57.353,(-0.435724, -0.421083, 4.500000),1,0.4608333,0.4277778,True
14:54:57.380,(-0.455566, -0.388014, 4.500000),1,0.4608333,0.4277778,True
14:54:57.380,(-0.455566, -0.388014, 4.500000),1,0.4608333,0.4277778,True
14:54:57.401,(-0.462179, -0.348330, 4.500000),1,0.4608333,0.4277778,True
14:54:57.401,(-0.462179, -0.348330, 4.500000),1,0.4608333,0.4277778,True
14:54:57.417,(-0.462179, -0.288806, 4.500000),1,0.4608333,0.4277778,True
14:54:57.417,(-0.462179, -0.288806, 4.500000),1,0.4608333,0.4277778,True
14:54:57.431,(-0.462179, -0.235895, 4.500000),1,0.4608333,0.4277778,True
14:54:57.431,(-0.462179, -0.235895, 4.500000),1,0.4608333,0.4277778,True
14:54:57.455,(-0.455566, -0.202825, 4.500000),1,0.4608333,0.4277778,True
14:54:57.455,(-0.455566, -0.202825, 4.500000),1,0.4608333,0.4277778,True
14:54:57.471,(-0.448953, -0.143300, 4.500000),1,0.4608333,0.4277778,True
14:54:57.471,(-0.448953, -0.143300, 4.500000),1,0.4608333,0.4277778,True
14:54:57.501,(-0.448953, -0.090390, 4.500000),1,0.4608333,0.4277778,True
14:54:57.502,(-0.448953, -0.090390, 4.500000),1,0.4608333,0.4277778,True
14:54:57.524,(-0.455566, -0.037479, 4.500000),1,0.4486111,0.4277778,True
14:54:57.524,(-0.455566, -0.037479, 4.500000),1,0.4486111,0.4277778,True
14:54:57.537,(-0.448953, -0.011023, 4.500000),1,0.4486111,0.4277778,True
14:54:57.537,(-0.448953, -0.011023, 4.500000),1,0.4486111,0.4277778,True
14:54:57.825,(-0.429111, -0.011023, 4.500000),0,0.4555556,0.4555556,True
14:54:57.825,(-0.429111, -0.011023, 4.500000),0,0.4555556,0.4555556,True
14:54:57.845,(0.080157, -0.011023, 4.500000),0,0.4683333,0.4666667,True
14:54:57.846,(0.080157, -0.011023, 4.500000),0,0.4683333,0.4666667,True
14:54:57.858,(0.080157, -0.017637, 4.500000),0,0.4683333,0.4666667,True
14:54:57.858,(0.080157, -0.017637, 4.500000),0,0.4683333,0.4666667,True
14:54:57.887,(0.080157, -0.017637, 4.500000),0,0.4683333,0.4666667,True
14:54:57.888,(0.080157, -0.017637, 4.500000),0,0.4683333,0.4666667,True
14:54:57.909,(0.080157, -0.017637, 4.500000),0,0.4683333,0.4666667,True
14:54:57.910,(0.080157, -0.017637, 4.500000),0,0.4683333,0.4666667,True
14:54:57.926,(0.080157, 0.002205, 4.500000),1,0.4391667,0.4666667,True
14:54:57.926,(0.080157, 0.002205, 4.500000),1,0.4391667,0.4666667,True
14:54:57.938,(0.080157, 0.035274, 4.500000),1,0.4391667,0.4666667,True
14:54:57.938,(0.080157, 0.035274, 4.500000),1,0.4391667,0.4666667,True
14:54:57.964,(0.086770, 0.068343, 4.500000),1,0.4138889,0.4666667,True
14:54:57.964,(0.086770, 0.068343, 4.500000),1,0.4138889,0.4666667,True
14:54:57.978,(0.099999, 0.141096, 4.500000),1,0.3925,0.4611111,True
14:54:57.978,(0.099999, 0.141096, 4.500000),1,0.3925,0.4611111,True
14:54:58.007,(0.106612, 0.174165, 4.500000),1,0.4063889,0.4555556,True
14:54:58.007,(0.106612, 0.174165, 4.500000),1,0.4011111,0.45,True
14:54:58.029,(0.113227, 0.200621, 4.500000),1,0.4138889,0.4333333,True
14:54:58.029,(0.113227, 0.200621, 4.500000),1,0.4138889,0.4333333,True
14:54:58.047,(0.126454, 0.200621, 4.500000),1,0.4202778,0.4277778,True
14:54:58.047,(0.126454, 0.200621, 4.500000),1,0.4202778,0.4277778,True
14:54:58.059,(0.139682, 0.194007, 4.500000),1,0.4158333,0.4222222,True
14:54:58.059,(0.139682, 0.194007, 4.500000),1,0.4158333,0.4222222,True
14:54:58.082,(0.159524, 0.174165, 4.500000),1,0.4088889,0.4055555,True
14:54:58.082,(0.159524, 0.174165, 4.500000),1,0.4088889,0.4055555,True
14:54:58.096,(0.185979, 0.141096, 4.500000),1,0.4088889,0.4055555,True
14:54:58.097,(0.185979, 0.141096, 4.500000),1,0.4088889,0.4055555,True
14:54:58.127,(0.199208, 0.121254, 4.500000),1,0.3991667,0.3944444,True
14:54:58.128,(0.199208, 0.121254, 4.500000),1,0.3991667,0.3944444,True
14:54:58.148,(0.225663, 0.068343, 4.500000),1,0.4108333,0.3944444,True
14:54:58.148,(0.225663, 0.068343, 4.500000),1,0.4108333,0.3944444,True
14:54:58.164,(0.252118, 0.015432, 4.500000),1,0.4108333,0.3944444,True
14:54:58.164,(0.252118, 0.015432, 4.500000),1,0.4108333,0.3944444,True
14:54:58.177,(0.265346, -0.004409, 4.500000),1,0.4183333,0.3944444,True
14:54:58.177,(0.265346, -0.004409, 4.500000),1,0.4183333,0.3944444,True
14:54:58.203,(0.278573, -0.024251, 4.500000),1,0.4183333,0.3944444,True
14:54:58.203,(0.278573, -0.024251, 4.500000),1,0.4183333,0.3944444,True
14:54:58.217,(0.291801, -0.044092, 4.500000),1,0.4183333,0.3944444,True
14:54:58.218,(0.291801, -0.044092, 4.500000),1,0.4183333,0.3944444,True
14:54:58.245,(0.291801, -0.050706, 4.500000),1,0.4138889,0.4,True
14:54:58.246,(0.291801, -0.050706, 4.500000),1,0.4138889,0.4,True
14:54:58.265,(0.291801, -0.050706, 4.500000),1,0.4138889,0.4,True
14:54:58.265,(0.291801, -0.050706, 4.500000),1,0.4138889,0.4,True
14:54:58.281,(0.291801, -0.057320, 4.500000),1,0.4138889,0.4,True
14:54:58.281,(0.291801, -0.057320, 4.500000),1,0.4138889,0.4,True
14:54:58.296,(0.291801, -0.057320, 4.500000),1,0.4138889,0.4,True
14:54:58.296,(0.291801, -0.057320, 4.500000),1,0.4138889,0.4,True
14:54:58.318,(0.291801, -0.057320, 4.500000),1,0.4138889,0.4,True
14:54:58.319,(0.291801, -0.057320, 4.500000),1,0.4138889,0.4,True
14:55:00.987,(0.291801, -0.057320, 4.500000),0,0.3105555,0.4666667,False
14:55:00.987,(0.291801, -0.057320, 4.500000),0,0.3105555,0.4666667,False
14:55:00.999,(0.291801, -0.057320, 4.500000),0,0.3105555,0.4666667,False
14:55:00.999,(0.291801, -0.057320, 4.500000),0,0.3105555,0.4666667,False
14:55:01.023,(0.291801, -0.057320, 4.500000),0,0.3011111,0.4777778,False
14:55:01.023,(0.291801, -0.057320, 4.500000),0,0.3011111,0.4777778,False
14:55:01.038,(0.291801, -0.057320, 4.500000),0,0.3011111,0.4777778,False
14:55:01.038,(0.291801, -0.057320, 4.500000),0,0.3011111,0.4777778,False
