13:38:13.336,(-2.340518, -0.804687, 4.500000),0,0.5,0.4888889,False
13:38:13.336,(-2.340518, -0.804687, 4.500000),0,0.5,0.4888889,False
13:38:13.359,(-2.234696, -0.235895, 4.500000),0,0.5,0.4944444,False
13:38:13.360,(-2.234696, -0.235895, 4.500000),0,0.5,0.4944444,False
13:38:13.373,(-2.234696, -0.222667, 4.500000),0,0.5,0.4944444,False
13:38:13.373,(-2.234696, -0.222667, 4.500000),0,0.5,0.4944444,False
13:38:13.393,(-2.247925, -0.209439, 4.500000),0,0.5,0.4944444,False
13:38:13.394,(-2.247925, -0.209439, 4.500000),0,0.5,0.4944444,False
13:38:13.414,(-2.267766, -0.202825, 4.500000),0,0.5,0.4944444,False
13:38:13.415,(-2.267766, -0.202825, 4.500000),0,0.5,0.4944444,False
13:38:13.429,(-2.294221, -0.196211, 4.500000),0.1342937,0.5,0.4833333,False
13:38:13.430,(-2.294221, -0.196211, 4.500000),0.1342937,0.5,0.4833333,False
13:38:13.442,(-2.314063, -0.189597, 4.500000),0.1362471,0.5,0.4777778,False
13:38:13.442,(-2.314063, -0.189597, 4.500000),0.1362471,0.5,0.4777778,False
13:38:13.460,(-2.320676, -0.189597, 4.500000),0.1340496,0.5,0.4777778,False
13:38:13.460,(-2.320676, -0.189597, 4.500000),0.1340496,0.5,0.4777778,False
13:38:13.478,(-2.340518, -0.196211, 4.500000),0.1364913,0.5,0.4666667,False
13:38:13.478,(-2.340518, -0.196211, 4.500000),0.1364913,0.5,0.4666667,False
13:38:13.499,(-2.360360, -0.209439, 4.500000),0.1364913,0.5,0.4666667,False
13:38:13.500,(-2.360360, -0.209439, 4.500000),0.1364913,0.5,0.4666667,False
13:38:13.519,(-2.373589, -0.216053, 4.500000),0.1414968,0.5,0.4555556,False
13:38:13.520,(-2.373589, -0.216053, 4.500000),0.1414968,0.5,0.4555556,False
13:38:13.537,(-2.393428, -0.249122, 4.500000),0.1414968,0.5,0.4555556,False
13:38:13.537,(-2.393428, -0.249122, 4.500000),0.1414968,0.5,0.4555556,False
13:38:13.550,(-2.386815, -0.275578, 4.500000),0.1477231,0.5,0.4444444,False
13:38:13.550,(-2.386815, -0.275578, 4.500000),0.1477231,0.5,0.4444444,False
13:38:13.566,(-2.373589, -0.288806, 4.500000),0.1494323,0.5,0.4388889,False
13:38:13.567,(-2.373589, -0.288806, 4.500000),0.1494323,0.5,0.4388889,False
13:38:13.582,(-2.347131, -0.308647, 4.500000),0.1505311,0.5,0.4388889,False
13:38:13.582,(-2.347131, -0.308647, 4.500000),0.1505311,0.5,0.4388889,False
13:38:13.609,(-2.300835, -0.341716, 4.500000),0.1534611,0.5,0.4333333,False
13:38:13.609,(-2.300835, -0.341716, 4.500000),0.1534611,0.5,0.4333333,False
13:38:13.627,(-2.247924, -0.361558, 4.500000),0.1544378,0.5,0.4333333,False
13:38:13.627,(-2.247924, -0.361558, 4.500000),0.1544378,0.5,0.4333333,False
13:38:13.642,(-2.188399, -0.374786, 4.500000),0.1544378,0.5,0.4333333,False
13:38:13.642,(-2.188399, -0.374786, 4.500000),0.1544378,0.5,0.4333333,False
13:38:13.654,(-2.155329, -0.381400, 4.500000),0.1550482,0.5,0.4333333,False
13:38:13.654,(-2.155329, -0.381400, 4.500000),0.1550482,0.5,0.4333333,False
13:38:13.672,(-2.135488, -0.381400, 4.500000),0.1573678,0.5,0.4333333,False
13:38:13.672,(-2.135488, -0.381400, 4.500000),0.1573678,0.5,0.4333333,False
13:38:13.681,(-2.115647, -0.381400, 4.500000),0.1567574,0.5,0.4333333,False
13:38:13.681,(-2.115647, -0.381400, 4.500000),0.1567574,0.5,0.4333333,False
13:38:13.704,(-2.115647, -0.381400, 4.500000),0.1567574,0.5,0.4333333,False
13:38:13.705,(-2.115647, -0.381400, 4.500000),0.1567574,0.5,0.4333333,False
13:38:13.728,(-2.115647, -0.381400, 4.500000),0.2340374,0.5,0.4333333,False
13:38:13.728,(-2.115647, -0.381400, 4.500000),0.2340374,0.5,0.4333333,False
13:38:13.744,(-2.135487, -0.394627, 4.500000),0.2340374,0.5,0.4333333,False
13:38:13.745,(-2.135487, -0.394627, 4.500000),0.2340374,0.5,0.4333333,False
13:38:13.757,(-2.168558, -0.407855, 4.500000),0.2579661,0.5,0.4333333,False
13:38:13.757,(-2.168558, -0.407855, 4.500000),0.2579661,0.5,0.4333333,False
13:38:13.774,(-2.208241, -0.421083, 4.500000),0.2579661,0.5,0.4333333,False
13:38:13.774,(-2.208241, -0.421083, 4.500000),0.2579661,0.5,0.4333333,False
13:38:13.785,(-2.241309, -0.434311, 4.500000),0.2555244,0.5130556,0.4277778,False
13:38:13.786,(-2.241309, -0.434311, 4.500000),0.2555244,0.5130556,0.4277778,False
13:38:13.805,(-2.274379, -0.447538, 4.500000),0.2551581,0.5130556,0.4277778,False
13:38:13.807,(-2.274379, -0.447538, 4.500000),0.2551581,0.5130556,0.4277778,False
13:38:13.826,(-2.333905, -0.473994, 4.500000),0.2552802,0.5141667,0.4333333,False
13:38:13.827,(-2.333905, -0.473994, 4.500000),0.2552802,0.5141667,0.4333333,False
13:38:13.843,(-2.386815, -0.507063, 4.500000),0.2552802,0.5141667,0.4333333,False
13:38:13.843,(-2.386815, -0.507063, 4.500000),0.2552802,0.5141667,0.4333333,False
13:38:13.853,(-2.433112, -0.553360, 4.500000),0.2560127,0.5158333,0.4388889,False
13:38:13.854,(-2.433112, -0.553360, 4.500000),0.2560127,0.5158333,0.4388889,False
13:38:13.870,(-2.446340, -0.566588, 4.500000),0.2557685,0.5158333,0.4388889,False
13:38:13.870,(-2.446340, -0.566588, 4.500000),0.2557685,0.5158333,0.4388889,False
13:38:13.883,(-2.466182, -0.612885, 4.500000),0.2555244,0.5158333,0.4388889,False
13:38:13.883,(-2.466182, -0.612885, 4.500000),0.2555244,0.5158333,0.4388889,False
13:38:13.904,(-2.472795, -0.652568, 4.500000),0.256501,0.5158333,0.4388889,False
13:38:13.904,(-2.472795, -0.652568, 4.500000),0.256501,0.5158333,0.4388889,False
13:38:13.925,(-2.466182, -0.712093, 4.500000),0.2575998,0.5158333,0.4388889,False
13:38:13.925,(-2.466182, -0.712093, 4.500000),0.2575998,0.5158333,0.4388889,False
13:38:13.939,(-2.446340, -0.778232, 4.500000),0.2575998,0.5158333,0.4388889,False
13:38:13.939,(-2.446340, -0.778232, 4.500000),0.2575998,0.5158333,0.4388889,False
13:38:13.952,(-2.419885, -0.817915, 4.500000),0.2667562,0.5175,0.4444444,False
13:38:13.952,(-2.419885, -0.817915, 4.500000),0.2667562,0.5175,0.4444444,False
13:38:13.968,(-2.393428, -0.850984, 4.500000),0.29508,0.5,0.4555556,False
13:38:13.968,(-2.393428, -0.850984, 4.500000),0.29508,0.5,0.4555556,False
13:38:13.980,(-2.327290, -0.897281, 4.500000),0.3818825,0.5,0.4555556,False
13:38:13.980,(-2.327290, -0.897281, 4.500000),0.3818825,0.5,0.4555556,False
13:38:14.005,(-2.300835, -0.910509, 4.500000),0.5357099,0.5,0.4611111,False
13:38:14.005,(-2.300835, -0.910509, 4.500000),0.5357099,0.5,0.4611111,False
13:38:14.025,(-2.195012, -0.936964, 4.500000),0.5559761,0.5,0.4666667,False
13:38:14.025,(-2.195012, -0.936964, 4.500000),0.5559761,0.5,0.4666667,False
13:38:14.041,(-2.102419, -0.936964, 4.500000),0.5603712,0.5,0.4666667,False
13:38:14.041,(-2.102419, -0.936964, 4.500000),0.5603712,0.5,0.4666667,False
13:38:14.053,(-2.023052, -0.917123, 4.500000),0.5603712,0.5,0.4666667,False
13:38:14.053,(-2.023052, -0.917123, 4.500000),0.5603712,0.5,0.4666667,False
13:38:14.068,(-1.970142, -0.897281, 4.500000),0.7107801,0.5,0.4722222,False
13:38:14.068,(-1.970142, -0.897281, 4.500000),0.7107801,0.5,0.4722222,False
13:38:14.081,(-1.917230, -0.870826, 4.500000),0.846661,0.5,0.4777778,False
13:38:14.081,(-1.917230, -0.870826, 4.500000),0.846661,0.5,0.4777778,False
13:38:15.093,(-1.870933, -0.831143, 4.500000),0,0,0.5,False
13:38:15.093,(-1.870933, -0.831143, 4.500000),0,0,0.5,False
13:38:15.108,(-1.870933, -0.831143, 4.500000),0,0,0.5,False
13:38:15.108,(-1.870933, -0.831143, 4.500000),0,0,0.5,False
13:38:15.119,(-1.870933, -0.831143, 4.500000),0,0,0.5,False
13:38:15.120,(-1.870933, -0.831143, 4.500000),0,0,0.5,False
13:38:15.135,(-1.870933, -0.831143, 4.500000),0,0,0.5,False
13:38:15.136,(-1.870933, -0.831143, 4.500000),0,0,0.5,False
