14:03:26.431,(-2.221467, -0.758390, 4.500000),0,0.5,0.4944444,False
14:03:26.431,(-2.221467, -0.758390, 4.500000),0,0.5,0.4944444,False
14:03:26.456,(-2.175171, -0.209439, 4.500000),0,0.5,0.4944444,False
14:03:26.456,(-2.175171, -0.209439, 4.500000),0,0.5,0.4944444,False
14:03:26.473,(-2.188399, -0.209439, 4.500000),0,0,0.5,False
14:03:26.473,(-2.188399, -0.209439, 4.500000),0,0,0.5,False
14:03:26.492,(-2.221467, -0.196211, 4.500000),0,0,0.5,False
14:03:26.493,(-2.221467, -0.196211, 4.500000),0,0,0.5,False
14:03:26.513,(-2.234696, -0.196211, 4.500000),0,0.5,0.4944444,False
14:03:26.513,(-2.234696, -0.196211, 4.500000),0,0.5,0.4944444,False
14:03:26.529,(-2.274379, -0.202825, 4.500000),0,0.5,0.4944444,False
14:03:26.530,(-2.274379, -0.202825, 4.500000),0,0.5,0.4944444,False
14:03:26.541,(-2.294221, -0.209439, 4.500000),0.1706751,0.5,0.4833333,False
14:03:26.541,(-2.294221, -0.209439, 4.500000),0.1706751,0.5,0.4833333,False
14:03:26.558,(-2.300835, -0.209439, 4.500000),0.1695764,0.5,0.4777778,False
14:03:26.558,(-2.300835, -0.209439, 4.500000),0.1695764,0.5,0.4777778,False
14:03:26.569,(-2.314063, -0.222667, 4.500000),0.1695764,0.5,0.4722222,False
14:03:26.569,(-2.314063, -0.222667, 4.500000),0.1695764,0.5,0.4722222,False
14:03:26.588,(-2.314063, -0.229281, 4.500000),0.1701868,0.5,0.4666667,False
14:03:26.588,(-2.314063, -0.229281, 4.500000),0.1717739,0.5,0.4611111,False
14:03:26.612,(-2.307450, -0.249122, 4.500000),0.171896,0.5,0.4611111,False
14:03:26.612,(-2.307450, -0.249122, 4.500000),0.171896,0.5,0.4611111,False
14:03:26.624,(-2.280993, -0.275578, 4.500000),0.1722622,0.5,0.45,False
14:03:26.625,(-2.280993, -0.275578, 4.500000),0.1722622,0.5,0.45,False
14:03:26.636,(-2.261151, -0.288806, 4.500000),0.171896,0.5,0.45,False
14:03:26.636,(-2.261151, -0.288806, 4.500000),0.171896,0.5,0.45,False
14:03:26.659,(-2.234696, -0.302033, 4.500000),0.1755585,0.5,0.4388889,False
14:03:26.660,(-2.234696, -0.302033, 4.500000),0.1755585,0.5,0.4388889,False
14:03:26.674,(-2.188399, -0.308647, 4.500000),0.1765352,0.5,0.4333333,False
14:03:26.674,(-2.188399, -0.308647, 4.500000),0.1765352,0.5,0.4333333,False
14:03:26.701,(-2.155329, -0.315261, 4.500000),0.1783665,0.5,0.4277778,False
14:03:26.701,(-2.155329, -0.315261, 4.500000),0.1783665,0.5,0.4277778,False
14:03:26.725,(-2.102419, -0.321875, 4.500000),0.1814186,0.5,0.4277778,False
14:03:26.725,(-2.102419, -0.321875, 4.500000),0.1814186,0.5,0.4277778,False
14:03:26.742,(-2.075964, -0.321875, 4.500000),0.1814186,0.5,0.4277778,False
14:03:26.743,(-2.075964, -0.321875, 4.500000),0.1814186,0.5,0.4277778,False
14:03:26.757,(-2.075964, -0.321875, 4.500000),0.1865462,0.5,0.4277778,False
14:03:26.757,(-2.075964, -0.321875, 4.500000),0.1865462,0.5,0.4277778,False
14:03:26.775,(-2.082577, -0.321875, 4.500000),0.1972897,0.5,0.4277778,False
14:03:26.775,(-2.082577, -0.321875, 4.500000),0.1972897,0.5,0.4277778,False
14:03:26.788,(-2.109033, -0.328489, 4.500000),0.1972897,0.5,0.4277778,False
14:03:26.788,(-2.109033, -0.328489, 4.500000),0.1972897,0.5,0.4277778,False
14:03:26.809,(-2.142102, -0.335103, 4.500000),0.1972897,0.5,0.4277778,False
14:03:26.810,(-2.142102, -0.335103, 4.500000),0.1972897,0.5,0.4277778,False
14:03:26.831,(-2.181786, -0.341716, 4.500000),0.2162129,0.5,0.4277778,False
14:03:26.831,(-2.181786, -0.341716, 4.500000),0.2162129,0.5,0.4277778,False
14:03:26.848,(-2.274379, -0.381400, 4.500000),0.2232939,0.5,0.4222222,False
14:03:26.848,(-2.274379, -0.381400, 4.500000),0.2232939,0.5,0.4222222,False
14:03:26.859,(-2.320676, -0.407855, 4.500000),0.2251251,0.5,0.4222222,False
14:03:26.859,(-2.320676, -0.407855, 4.500000),0.2251251,0.5,0.4222222,False
14:03:26.877,(-2.366973, -0.434311, 4.500000),0.2251251,0.5,0.4222222,False
14:03:26.877,(-2.366973, -0.434311, 4.500000),0.2251251,0.5,0.4222222,False
14:03:26.891,(-2.419885, -0.467380, 4.500000),0.2251251,0.5,0.4222222,False
14:03:26.891,(-2.419885, -0.467380, 4.500000),0.2251251,0.5,0.4222222,False
14:03:26.913,(-2.439727, -0.487221, 4.500000),0.2811623,0.5,0.4277778,False
14:03:26.914,(-2.439727, -0.487221, 4.500000),0.2811623,0.5,0.4277778,False
14:03:26.938,(-2.459569, -0.526905, 4.500000),0.2817727,0.5,0.4277778,False
14:03:26.938,(-2.459569, -0.526905, 4.500000),0.2817727,0.5,0.4277778,False
14:03:26.957,(-2.459568, -0.579816, 4.500000),0.280796,0.5,0.4277778,False
14:03:26.958,(-2.459568, -0.579816, 4.500000),0.280796,0.5,0.4277778,False
14:03:26.971,(-2.433111, -0.645954, 4.500000),0.280796,0.5,0.4277778,False
14:03:26.971,(-2.433111, -0.645954, 4.500000),0.280796,0.5,0.4277778,False
14:03:26.991,(-2.406657, -0.685638, 4.500000),0.280796,0.5,0.4277778,False
14:03:26.991,(-2.406657, -0.685638, 4.500000),0.280796,0.5,0.4277778,False
14:03:27.004,(-2.347131, -0.738549, 4.500000),0.2829935,0.5,0.4333333,False
14:03:27.004,(-2.347131, -0.738549, 4.500000),0.2829935,0.5,0.4333333,False
14:03:27.026,(-2.300835, -0.778232, 4.500000),0.295202,0.5,0.4333333,False
14:03:27.027,(-2.300835, -0.778232, 4.500000),0.295202,0.5,0.4333333,False
14:03:27.052,(-2.228083, -0.817915, 4.500000),0.4364547,0.5,0.4388889,False
14:03:27.052,(-2.228083, -0.817915, 4.500000),0.4364547,0.5,0.4388889,False
14:03:27.067,(-2.115647, -0.844370, 4.500000),0.4364547,0.5,0.4388889,False
14:03:27.067,(-2.115647, -0.844370, 4.500000),0.4364547,0.5,0.4388889,False
14:03:27.079,(-2.023052, -0.850984, 4.500000),0.489928,0.5,0.4444444,False
14:03:27.079,(-2.023052, -0.850984, 4.500000),0.489928,0.5,0.4444444,False
14:03:27.097,(-1.996597, -0.850984, 4.500000),0.5106825,0.5,0.4444444,False
14:03:27.097,(-1.996597, -0.850984, 4.500000),0.5106825,0.5,0.4444444,False
14:03:27.108,(-1.904003, -0.831143, 4.500000),0.517153,0.5,0.45,False
14:03:27.109,(-1.904003, -0.831143, 4.500000),0.517153,0.5,0.45,False
14:03:27.131,(-1.851091, -0.817915, 4.500000),0.5719692,0.5,0.4555556,False
14:03:27.132,(-1.851091, -0.817915, 4.500000),0.5719692,0.5,0.4555556,False
14:03:28.064,(-1.784953, -0.784845, 4.500000),0,0.5,0.4944444,False
14:03:28.065,(-1.784953, -0.784845, 4.500000),0,0.5,0.4944444,False
14:03:28.080,(-1.784953, -0.784845, 4.500000),0,0.5,0.4944444,False
14:03:28.080,(-1.784953, -0.784845, 4.500000),0,0.5,0.4944444,False
14:03:28.095,(-1.784953, -0.784845, 4.500000),0,0.5,0.4944444,False
14:03:28.095,(-1.784953, -0.784845, 4.500000),0,0.5,0.4944444,False
14:03:28.113,(-1.784953, -0.784845, 4.500000),0,0.5,0.4944444,False
14:03:28.113,(-1.784953, -0.784845, 4.500000),0,0.5,0.4944444,False
