13:35:53.638,(-2.525707, -0.778232, 4.500000),0,0,0.5,True
13:35:53.638,(-2.525707, -0.778232, 4.500000),0,0,0.5,True
13:35:53.663,(-2.142102, -0.222667, 4.500000),0,0.5,0.4944444,True
13:35:53.663,(-2.142102, -0.222667, 4.500000),0,0.5,0.4944444,True
13:35:53.685,(-2.155329, -0.209439, 4.500000),0,0.5,0.4944444,True
13:35:53.685,(-2.155329, -0.209439, 4.500000),0,0.5,0.4944444,True
13:35:53.700,(-2.195013, -0.189597, 4.500000),0,0.5,0.4944444,True
13:35:53.701,(-2.195013, -0.189597, 4.500000),0,0.5,0.4944444,True
13:35:53.712,(-2.214854, -0.189597, 4.500000),0,0.5,0.4833333,True
13:35:53.712,(-2.214854, -0.189597, 4.500000),0,0.5,0.4833333,True
13:35:53.728,(-2.241309, -0.189597, 4.500000),0,0.5,0.4777778,True
13:35:53.728,(-2.241309, -0.189597, 4.500000),0,0.5,0.4777778,True
13:35:53.742,(-2.261151, -0.189597, 4.500000),0.09864485,0.5,0.4722222,True
13:35:53.742,(-2.261151, -0.189597, 4.500000),0.09864485,0.5,0.4722222,True
13:35:53.762,(-2.287608, -0.196211, 4.500000),0.1347821,0.5,0.4666667,True
13:35:53.762,(-2.287608, -0.196211, 4.500000),0.1347821,0.5,0.4666667,True
13:35:53.783,(-2.327290, -0.216053, 4.500000),0.1382005,0.5,0.4555556,True
13:35:53.783,(-2.327290, -0.216053, 4.500000),0.1382005,0.5,0.4555556,True
13:35:53.798,(-2.360360, -0.249122, 4.500000),0.1380784,0.5,0.45,True
13:35:53.798,(-2.360360, -0.249122, 4.500000),0.1380784,0.5,0.45,True
13:35:53.808,(-2.366973, -0.275578, 4.500000),0.1410084,0.5,0.4388889,True
13:35:53.808,(-2.366973, -0.275578, 4.500000),0.1410084,0.5,0.4388889,True
13:35:53.828,(-2.373589, -0.282192, 4.500000),0.141863,0.5,0.4388889,True
13:35:53.828,(-2.373589, -0.282192, 4.500000),0.141863,0.5,0.4388889,True
13:35:53.842,(-2.366973, -0.315261, 4.500000),0.144671,0.5,0.4333333,True
13:35:53.842,(-2.366973, -0.315261, 4.500000),0.144671,0.5,0.4333333,True
13:35:53.862,(-2.353746, -0.341716, 4.500000),0.1469906,0.5,0.4222222,True
13:35:53.863,(-2.353746, -0.341716, 4.500000),0.1469906,0.5,0.4222222,True
13:35:53.881,(-2.314063, -0.368172, 4.500000),0.1468685,0.5,0.4222222,True
13:35:53.881,(-2.314063, -0.368172, 4.500000),0.1468685,0.5,0.4222222,True
13:35:53.894,(-2.261151, -0.388014, 4.500000),0.1477231,0.5,0.4222222,True
13:35:53.895,(-2.261151, -0.388014, 4.500000),0.1477231,0.5,0.4222222,True
13:35:53.906,(-2.221467, -0.394627, 4.500000),0.1494323,0.5,0.4166667,True
13:35:53.906,(-2.221467, -0.394627, 4.500000),0.1494323,0.5,0.4166667,True
13:35:53.924,(-2.181786, -0.401241, 4.500000),0.1497986,0.5,0.4166667,True
13:35:53.924,(-2.181786, -0.401241, 4.500000),0.1497986,0.5,0.4166667,True
13:35:53.941,(-2.142102, -0.407855, 4.500000),0.1534611,0.5,0.4166667,True
13:35:53.941,(-2.142102, -0.407855, 4.500000),0.1534611,0.5,0.4166667,True
13:35:53.968,(-2.128874, -0.401241, 4.500000),0.1523623,0.5,0.4222222,True
13:35:53.969,(-2.128874, -0.401241, 4.500000),0.1523623,0.5,0.4222222,True
13:35:53.989,(-2.115647, -0.401241, 4.500000),0.1582224,0.5,0.4222222,True
13:35:53.989,(-2.115647, -0.401241, 4.500000),0.1582224,0.5,0.4222222,True
13:35:54.004,(-2.135488, -0.407855, 4.500000),0.1656696,0.5,0.4277778,True
13:35:54.004,(-2.135488, -0.407855, 4.500000),0.1656696,0.5,0.4277778,True
13:35:54.015,(-2.155329, -0.421083, 4.500000),0.1687218,0.5,0.4277778,True
13:35:54.015,(-2.155329, -0.421083, 4.500000),0.1687218,0.5,0.4277778,True
13:35:54.030,(-2.161945, -0.421083, 4.500000),0.1687218,0.5,0.4277778,True
13:35:54.030,(-2.161945, -0.421083, 4.500000),0.1687218,0.5,0.4277778,True
13:35:54.046,(-2.208241, -0.440924, 4.500000),0.1687218,0.5,0.4277778,True
13:35:54.046,(-2.208241, -0.440924, 4.500000),0.1687218,0.5,0.4277778,True
13:35:54.072,(-2.234696, -0.447538, 4.500000),0.239287,0.5,0.4277778,True
13:35:54.073,(-2.234696, -0.447538, 4.500000),0.239287,0.5,0.4277778,True
13:35:54.091,(-2.287608, -0.467380, 4.500000),0.24063,0.5,0.4333333,True
13:35:54.091,(-2.287608, -0.467380, 4.500000),0.24063,0.5,0.4333333,True
13:35:54.106,(-2.353746, -0.507063, 4.500000),0.2439263,0.5,0.4333333,True
13:35:54.106,(-2.353746, -0.507063, 4.500000),0.2439263,0.5,0.4333333,True
13:35:54.118,(-2.380201, -0.533519, 4.500000),0.2439263,0.5,0.4333333,True
13:35:54.119,(-2.380201, -0.533519, 4.500000),0.2439263,0.5,0.4333333,True
13:35:54.139,(-2.406657, -0.566588, 4.500000),0.2490538,0.5,0.4388889,True
13:35:54.139,(-2.406657, -0.566588, 4.500000),0.2490538,0.5,0.4388889,True
13:35:54.154,(-2.446340, -0.612885, 4.500000),0.2541814,0.5,0.4388889,True
13:35:54.154,(-2.446340, -0.612885, 4.500000),0.2541814,0.5,0.4388889,True
13:35:54.175,(-2.459569, -0.652568, 4.500000),0.2612624,0.5,0.4388889,True
13:35:54.175,(-2.459569, -0.652568, 4.500000),0.2612624,0.5,0.4388889,True
13:35:54.198,(-2.486024, -0.712093, 4.500000),0.2668783,0.5,0.4388889,True
13:35:54.198,(-2.486024, -0.712093, 4.500000),0.2668783,0.5,0.4388889,True
13:35:54.214,(-2.486023, -0.804687, 4.500000),0.2668783,0.5,0.4388889,True
13:35:54.214,(-2.486023, -0.804687, 4.500000),0.2668783,0.5,0.4388889,True
13:35:54.225,(-2.472795, -0.850984, 4.500000),0.3866439,0.5,0.4388889,True
13:35:54.225,(-2.472795, -0.850984, 4.500000),0.3866439,0.5,0.4388889,True
13:35:54.247,(-2.439727, -0.897281, 4.500000),0.5347332,0.5,0.4388889,True
13:35:54.247,(-2.439727, -0.897281, 4.500000),0.5347332,0.5,0.4388889,True
13:35:54.260,(-2.366973, -0.970034, 4.500000),0.5347332,0.5,0.4388889,True
13:35:54.260,(-2.366973, -0.970034, 4.500000),0.5347332,0.5,0.4388889,True
13:35:54.277,(-2.314063, -1.003103, 4.500000),0.5347332,0.5,0.4388889,True
13:35:54.278,(-2.314063, -1.003103, 4.500000),0.5347332,0.5,0.4388889,True
13:35:54.300,(-2.214854, -1.049400, 4.500000),0.6521792,0.5,0.4444444,True
13:35:54.301,(-2.214854, -1.049400, 4.500000),0.6521792,0.5,0.4444444,True
13:35:54.315,(-2.089191, -1.075856, 4.500000),0.6521792,0.5,0.4444444,True
13:35:54.315,(-2.089191, -1.075856, 4.500000),0.6521792,0.5,0.4444444,True
13:35:54.326,(-2.023052, -1.082469, 4.500000),0.9413991,0.5,0.4555556,True
13:35:54.327,(-2.023052, -1.082469, 4.500000),0.9413991,0.5,0.4555556,True
13:35:54.342,(-1.989984, -1.082470, 4.500000),0.9413991,0.5,0.4555556,True
13:35:54.343,(-1.989984, -1.082470, 4.500000),0.9413991,0.5,0.4555556,True
13:35:54.357,(-1.897388, -1.069242, 4.500000),1,0.5,0.4666667,True
13:35:54.357,(-1.897388, -1.069242, 4.500000),1,0.5,0.4666667,True
13:35:54.382,(-1.844478, -1.062628, 4.500000),1,0.5,0.4666667,True
13:35:54.383,(-1.844478, -1.062628, 4.500000),1,0.5,0.4666667,True
13:35:54.402,(-1.771724, -1.036172, 4.500000),1,0.5,0.4777778,True
13:35:54.402,(-1.771724, -1.036172, 4.500000),1,0.5,0.4777778,True
13:35:54.416,(-1.745270, -1.016331, 4.500000),1,0.5,0.4833333,True
13:35:54.417,(-1.745270, -1.016331, 4.500000),1,0.5,0.4833333,True
13:35:55.372,(-1.732043, -1.003103, 4.500000),0,0.5,0.4888889,False
13:35:55.373,(-1.732043, -1.003103, 4.500000),0,0.5,0.4888889,False
13:35:55.389,(-1.732043, -1.003103, 4.500000),0,0.5,0.4944444,False
13:35:55.390,(-1.732043, -1.003103, 4.500000),0,0.5,0.4944444,False
13:35:55.405,(-1.732043, -1.003103, 4.500000),0,0,0.5,False
13:35:55.406,(-1.732043, -1.003103, 4.500000),0,0,0.5,False
13:35:55.422,(-1.732043, -1.003103, 4.500000),0,0,0.5,False
13:35:55.422,(-1.732043, -1.003103, 4.500000),0,0,0.5,False
