14:06:03.751,(-1.930458, -0.983262, 4.500000),0,0,0.5,True
14:06:03.751,(-1.930458, -0.983262, 4.500000),0,0,0.5,True
14:06:03.774,(-1.732043, -0.526905, 4.500000),0,0,0.5,True
14:06:03.774,(-1.732043, -0.526905, 4.500000),0,0,0.5,True
14:06:03.788,(-1.712201, -0.513677, 4.500000),0,0,0.5,True
14:06:03.788,(-1.712201, -0.513677, 4.500000),0,0,0.5,True
14:06:03.808,(-1.698973, -0.500449, 4.500000),0,0,0.5,True
14:06:03.808,(-1.698973, -0.500449, 4.500000),0,0,0.5,True
14:06:03.828,(-1.685744, -0.487222, 4.500000),0,0,0.5,True
14:06:03.828,(-1.685744, -0.487222, 4.500000),0,0,0.5,True
14:06:03.844,(-1.652676, -0.460766, 4.500000),0,0,0.5,True
14:06:03.844,(-1.652676, -0.460766, 4.500000),0,0,0.5,True
14:06:03.857,(-1.626221, -0.447538, 4.500000),0.1998535,0,0.5,True
14:06:03.857,(-1.626221, -0.447538, 4.500000),0.1998535,0,0.5,True
14:06:03.874,(-1.606379, -0.434311, 4.500000),0.2215847,0.5,0.4944444,True
14:06:03.875,(-1.606379, -0.434311, 4.500000),0.2215847,0.5,0.4944444,True
14:06:03.886,(-1.573309, -0.421083, 4.500000),0.2215847,0.5,0.4944444,True
14:06:03.886,(-1.573309, -0.421083, 4.500000),0.2215847,0.5,0.4944444,True
14:06:03.907,(-1.546854, -0.414469, 4.500000),0.3270663,0.5,0.4888889,True
14:06:03.907,(-1.546854, -0.414469, 4.500000),0.3270663,0.5,0.4888889,True
14:06:03.929,(-1.533626, -0.414469, 4.500000),0.4214382,0.5,0.4833333,True
14:06:03.929,(-1.533626, -0.414469, 4.500000),0.4214382,0.5,0.4833333,True
14:06:03.943,(-1.520399, -0.414469, 4.500000),0.4208277,0.5,0.4833333,True
14:06:03.944,(-1.520399, -0.414469, 4.500000),0.4208277,0.5,0.4833333,True
14:06:03.960,(-1.520399, -0.414469, 4.500000),0.4208277,0.5,0.4833333,True
14:06:03.960,(-1.520399, -0.414469, 4.500000),0.4208277,0.5,0.4833333,True
14:06:03.979,(-1.546854, -0.421083, 4.500000),0.4208277,0.5,0.4833333,True
14:06:03.979,(-1.546854, -0.421083, 4.500000),0.4208277,0.5,0.4833333,True
14:06:03.993,(-1.599764, -0.427697, 4.500000),0.4208277,0.5,0.4833333,True
14:06:03.994,(-1.599764, -0.427697, 4.500000),0.4208277,0.5,0.4833333,True
14:06:04.018,(-1.632834, -0.434311, 4.500000),0.4435356,0.5,0.4722222,True
14:06:04.019,(-1.632834, -0.434311, 4.500000),0.4435356,0.5,0.4722222,True
14:06:04.040,(-1.698973, -0.447538, 4.500000),0.4460994,0.5,0.4722222,True
14:06:04.041,(-1.698973, -0.447538, 4.500000),0.4460994,0.5,0.4722222,True
14:06:04.056,(-1.804795, -0.454152, 4.500000),0.4491515,0.5,0.4722222,True
14:06:04.056,(-1.804795, -0.454152, 4.500000),0.4491515,0.5,0.4722222,True
14:06:04.069,(-1.857705, -0.460766, 4.500000),0.4481748,0.5,0.4722222,True
14:06:04.069,(-1.857705, -0.460766, 4.500000),0.4481748,0.5,0.4722222,True
14:06:04.086,(-1.917230, -0.460766, 4.500000),0.4485411,0.5,0.4722222,True
14:06:04.086,(-1.917230, -0.460766, 4.500000),0.4485411,0.5,0.4722222,True
14:06:04.099,(-1.996597, -0.460766, 4.500000),0.4485411,0.5,0.4722222,True
14:06:04.100,(-1.996597, -0.460766, 4.500000),0.4485411,0.5,0.4722222,True
14:06:04.121,(-2.049507, -0.460766, 4.500000),0.4517153,0.5,0.4722222,True
14:06:04.121,(-2.049507, -0.460766, 4.500000),0.4517153,0.5,0.4722222,True
14:06:04.143,(-2.128874, -0.447538, 4.500000),0.5254548,0.5,0.4722222,True
14:06:04.143,(-2.128874, -0.447538, 4.500000),0.5254548,0.5,0.4722222,True
14:06:04.158,(-2.181786, -0.434311, 4.500000),0.5481626,0.5,0.4666667,True
14:06:04.159,(-2.181786, -0.434311, 4.500000),0.5481626,0.5,0.4666667,True
14:06:04.171,(-2.221468, -0.427697, 4.500000),0.5481626,0.5,0.4666667,True
14:06:04.171,(-2.221468, -0.427697, 4.500000),0.5481626,0.5,0.4666667,True
14:06:04.186,(-2.221468, -0.427697, 4.500000),0.5481626,0.5,0.4666667,True
14:06:04.186,(-2.221468, -0.427697, 4.500000),0.5481626,0.5,0.4666667,True
14:06:04.203,(-2.228083, -0.421083, 4.500000),0.6540105,0.5,0.4722222,True
14:06:04.203,(-2.228083, -0.421083, 4.500000),0.6540105,0.5,0.4722222,True
14:06:04.223,(-2.228083, -0.421083, 4.500000),0.6540105,0.5,0.4722222,True
14:06:04.224,(-2.228083, -0.421083, 4.500000),0.6540105,0.5,0.4722222,True
14:06:04.240,(-2.228083, -0.414469, 4.500000),0.6757417,0.5,0.4722222,True
14:06:04.240,(-2.228083, -0.414469, 4.500000),0.6757417,0.5,0.4722222,True
14:06:04.255,(-2.228083, -0.414469, 4.500000),0.7322671,0.5,0.4722222,True
14:06:04.255,(-2.228083, -0.414469, 4.500000),0.7322671,0.5,0.4722222,True
14:06:04.267,(-2.228083, -0.414469, 4.500000),0.9287022,0.5,0.4722222,True
14:06:04.267,(-2.228083, -0.414469, 4.500000),0.9287022,0.5,0.4722222,True
14:06:04.286,(-2.228083, -0.414469, 4.500000),0.9287022,0.5,0.4722222,True
14:06:04.286,(-2.228083, -0.414469, 4.500000),0.9287022,0.5,0.4722222,True
14:06:04.299,(-2.228083, -0.414469, 4.500000),1,0.5,0.4666667,True
14:06:04.299,(-2.228083, -0.414469, 4.500000),1,0.5,0.4666667,True
14:06:04.323,(-2.228083, -0.414469, 4.500000),1,0.5,0.4666667,True
14:06:04.324,(-2.228083, -0.414469, 4.500000),1,0.5,0.4666667,True
14:06:04.344,(-2.228083, -0.421083, 4.500000),1,0.5,0.4666667,True
14:06:04.344,(-2.228083, -0.421083, 4.500000),1,0.5,0.4666667,True
14:06:04.359,(-2.228083, -0.440924, 4.500000),1,0.5,0.4666667,True
14:06:04.359,(-2.228083, -0.440924, 4.500000),1,0.5,0.4666667,True
14:06:04.370,(-2.228083, -0.460766, 4.500000),1,0.5,0.4666667,True
14:06:04.371,(-2.228083, -0.460766, 4.500000),1,0.5,0.4666667,True
14:06:04.386,(-2.228083, -0.487221, 4.500000),1,0.5,0.4666667,True
14:06:04.386,(-2.228083, -0.487221, 4.500000),1,0.5,0.4666667,True
14:06:04.404,(-2.228082, -0.513677, 4.500000),1,0.5,0.4611111,True
14:06:04.404,(-2.228082, -0.513677, 4.500000),1,0.5,0.4611111,True
14:06:04.428,(-2.241309, -0.559974, 4.500000),1,0.5,0.4611111,True
14:06:04.429,(-2.241309, -0.559974, 4.500000),1,0.5,0.4611111,True
14:06:04.449,(-2.261151, -0.606271, 4.500000),1,0.5,0.4611111,True
14:06:04.450,(-2.261151, -0.606271, 4.500000),1,0.5,0.4611111,True
14:06:04.464,(-2.294221, -0.659182, 4.500000),1,0.5,0.4611111,True
14:06:04.465,(-2.294221, -0.659182, 4.500000),1,0.5,0.4611111,True
14:06:04.476,(-2.314063, -0.679024, 4.500000),1,0.5,0.4611111,True
14:06:04.477,(-2.314063, -0.679024, 4.500000),1,0.5,0.4611111,True
14:06:04.495,(-2.340518, -0.692251, 4.500000),1,0.5,0.4555556,True
14:06:04.496,(-2.340518, -0.692251, 4.500000),1,0.5,0.4555556,True
14:06:04.510,(-2.366973, -0.698865, 4.500000),1,0.5,0.4555556,True
14:06:04.510,(-2.366973, -0.698865, 4.500000),1,0.5,0.4555556,True
14:06:04.535,(-2.406657, -0.698865, 4.500000),1,0.5,0.4611111,True
14:06:04.536,(-2.406657, -0.698865, 4.500000),1,0.5,0.4611111,True
14:06:04.557,(-2.446340, -0.685638, 4.500000),1,0.5,0.4666667,True
14:06:04.557,(-2.446340, -0.685638, 4.500000),1,0.5,0.4666667,True
14:06:04.574,(-2.499250, -0.632727, 4.500000),1,0.5,0.4666667,True
14:06:04.575,(-2.499250, -0.632727, 4.500000),1,0.5,0.4666667,True
14:06:04.586,(-2.525707, -0.579816, 4.500000),1,0.5,0.4666667,True
14:06:04.586,(-2.525707, -0.579816, 4.500000),1,0.5,0.4666667,True
14:06:04.601,(-2.532320, -0.566588, 4.500000),1,0.5,0.4666667,True
14:06:04.602,(-2.532320, -0.566588, 4.500000),1,0.5,0.4666667,True
14:06:04.615,(-2.538933, -0.500449, 4.500000),1,0.5,0.4722222,True
14:06:04.615,(-2.538933, -0.500449, 4.500000),1,0.5,0.4722222,True
14:06:04.640,(-2.532320, -0.460766, 4.500000),1,0.5,0.4722222,True
14:06:04.640,(-2.532320, -0.460766, 4.500000),1,0.5,0.4722222,True
14:06:04.658,(-2.519092, -0.407855, 4.500000),1,0.5,0.4777778,True
14:06:04.659,(-2.519092, -0.407855, 4.500000),1,0.5,0.4777778,True
14:06:05.051,(-2.499250, -0.354944, 4.500000),0,0,0.5,True
14:06:05.051,(-2.499250, -0.354944, 4.500000),0,0,0.5,True
14:06:05.065,(-1.751885, -0.182984, 4.500000),0,0,0.5,True
14:06:05.065,(-1.751885, -0.182984, 4.500000),0,0,0.5,True
14:06:05.087,(-1.751885, -0.182984, 4.500000),0,0,0.5,True
14:06:05.087,(-1.751885, -0.182984, 4.500000),0,0,0.5,True
14:06:05.100,(-1.758498, -0.182984, 4.500000),0,0,0.5,True
14:06:05.100,(-1.758498, -0.182984, 4.500000),0,0,0.5,True
14:06:05.122,(-1.771725, -0.176370, 4.500000),0,0,0.5,True
14:06:05.123,(-1.771725, -0.176370, 4.500000),0,0,0.5,True
14:06:05.144,(-1.791566, -0.163142, 4.500000),0.2035161,0,0.5,True
14:06:05.144,(-1.791566, -0.163142, 4.500000),0.2035161,0,0.5,True
14:06:05.159,(-1.811408, -0.143301, 4.500000),0.2408741,0.5,0.4944444,True
14:06:05.160,(-1.811408, -0.143301, 4.500000),0.2408741,0.5,0.4944444,True
14:06:05.173,(-1.831250, -0.116845, 4.500000),0.24063,0.5,0.4888889,True
14:06:05.173,(-1.831250, -0.116845, 4.500000),0.24063,0.5,0.4888889,True
14:06:05.188,(-1.837863, -0.103617, 4.500000),0.2408741,0.5,0.4833333,True
14:06:05.188,(-1.837863, -0.103617, 4.500000),0.2408741,0.5,0.4833333,True
14:06:05.202,(-1.851091, -0.077162, 4.500000),0.24356,0.5,0.4777778,True
14:06:05.202,(-1.851091, -0.077162, 4.500000),0.24356,0.5,0.4777778,True
14:06:05.227,(-1.870933, -0.050706, 4.500000),0.3536809,0.5,0.4722222,True
14:06:05.228,(-1.870933, -0.050706, 4.500000),0.3536809,0.5,0.4722222,True
14:06:05.247,(-1.890775, -0.024251, 4.500000),0.4092296,0.5,0.4722222,True
14:06:05.247,(-1.890775, -0.024251, 4.500000),0.4092296,0.5,0.4722222,True
14:06:05.262,(-1.910617, 0.002205, 4.500000),0.4092296,0.5,0.4722222,True
14:06:05.262,(-1.910617, 0.002205, 4.500000),0.4092296,0.5,0.4722222,True
14:06:05.274,(-1.917230, 0.002205, 4.500000),0.6231229,0.5,0.4555556,True
14:06:05.274,(-1.917230, 0.002205, 4.500000),0.6231229,0.5,0.4555556,True
14:06:05.290,(-1.923845, -0.004409, 4.500000),0.6231229,0.5,0.4555556,True
14:06:05.290,(-1.923845, -0.004409, 4.500000),0.6231229,0.5,0.4555556,True
14:06:05.302,(-1.930458, -0.017637, 4.500000),0.671957,0.5,0.4388889,True
14:06:05.303,(-1.930458, -0.017637, 4.500000),0.671957,0.5,0.4388889,True
14:06:05.322,(-1.943687, -0.037479, 4.500000),0.6712245,0.5,0.4388889,True
14:06:05.322,(-1.943687, -0.037479, 4.500000),0.6712245,0.5,0.4388889,True
14:06:05.342,(-1.956913, -0.057320, 4.500000),0.6674399,0.5,0.4388889,True
14:06:05.343,(-1.956913, -0.057320, 4.500000),0.6674399,0.5,0.4388889,True
14:06:05.359,(-1.989984, -0.116845, 4.500000),0.6641436,0.5,0.4333333,True
14:06:05.359,(-1.989984, -0.116845, 4.500000),0.6641436,0.5,0.4333333,True
14:06:07.504,(-2.009825, -0.149914, 4.500000),0,0.5,0.4944444,True
14:06:07.504,(-2.009825, -0.149914, 4.500000),0,0.5,0.4944444,True
14:06:07.516,(-2.009825, -0.149914, 4.500000),0,0.5,0.4944444,True
14:06:07.516,(-2.009825, -0.149914, 4.500000),0,0.5,0.4944444,True
14:06:07.534,(-2.009825, -0.149914, 4.500000),0,0.5,0.4944444,True
14:06:07.534,(-2.009825, -0.149914, 4.500000),0,0.5,0.4944444,True
14:06:07.547,(-2.009825, -0.149914, 4.500000),0,0.5,0.4944444,True
14:06:07.548,(-2.009825, -0.149914, 4.500000),0,0.5,0.4944444,True
