13:49:06.293,(-2.611687, -1.022945, 4.500000),0,0,0.5,True
13:49:06.293,(-2.611687, -1.022945, 4.500000),0,0,0.5,True
13:49:06.310,(-2.366973, -0.553360, 4.500000),0,0,0.5,True
13:49:06.310,(-2.366973, -0.553360, 4.500000),0,0,0.5,True
13:49:06.333,(-2.360360, -0.553360, 4.500000),0,0,0.5,True
13:49:06.333,(-2.360360, -0.553360, 4.500000),0,0,0.5,True
13:49:06.350,(-2.340518, -0.540133, 4.500000),0,0,0.5,True
13:49:06.351,(-2.340518, -0.540133, 4.500000),0,0,0.5,True
13:49:06.363,(-2.327290, -0.533519, 4.500000),0,0,0.5,True
13:49:06.364,(-2.327290, -0.533519, 4.500000),0,0,0.5,True
13:49:06.379,(-2.320676, -0.526905, 4.500000),0,0,0.5,True
13:49:06.379,(-2.320676, -0.526905, 4.500000),0,0,0.5,True
13:49:06.392,(-2.314063, -0.513677, 4.500000),0,0,0.5,True
13:49:06.393,(-2.314063, -0.513677, 4.500000),0,0,0.5,True
13:49:06.413,(-2.314063, -0.500449, 4.500000),0.1272128,0,0.5,True
13:49:06.413,(-2.314063, -0.500449, 4.500000),0.1272128,0,0.5,True
13:49:06.432,(-2.300835, -0.480608, 4.500000),0.1677451,0.5,0.4944444,True
13:49:06.433,(-2.300835, -0.480608, 4.500000),0.1677451,0.5,0.4944444,True
13:49:06.447,(-2.274379, -0.460766, 4.500000),0.1860579,0.5,0.4944444,True
13:49:06.447,(-2.274379, -0.460766, 4.500000),0.1860579,0.5,0.4944444,True
13:49:06.459,(-2.254537, -0.447538, 4.500000),0.1860579,0.5,0.4944444,True
13:49:06.459,(-2.254537, -0.447538, 4.500000),0.1860579,0.5,0.4944444,True
13:49:06.478,(-2.247925, -0.440924, 4.500000),0.1860579,0.5,0.4944444,True
13:49:06.478,(-2.247925, -0.440924, 4.500000),0.1860579,0.5,0.4944444,True
13:49:06.493,(-2.221468, -0.427697, 4.500000),0.4253449,0.5,0.4833333,True
13:49:06.494,(-2.221468, -0.427697, 4.500000),0.4253449,0.5,0.4833333,True
13:49:06.513,(-2.195013, -0.421083, 4.500000),0.5575632,0.5,0.4777778,True
13:49:06.513,(-2.195013, -0.421083, 4.500000),0.5575632,0.5,0.4777778,True
13:49:06.534,(-2.181786, -0.421083, 4.500000),0.5575632,0.5,0.4777778,True
13:49:06.534,(-2.181786, -0.421083, 4.500000),0.5575632,0.5,0.4777778,True
13:49:06.547,(-2.168558, -0.421083, 4.500000),0.5575632,0.5,0.4777778,True
13:49:06.547,(-2.168558, -0.421083, 4.500000),0.5575632,0.5,0.4777778,True
13:49:06.561,(-2.168558, -0.421083, 4.500000),1,0.5,0.4722222,True
13:49:06.562,(-2.168558, -0.421083, 4.500000),1,0.5,0.4722222,True
13:49:06.586,(-2.168558, -0.421083, 4.500000),1,0.5,0.4722222,True
13:49:06.586,(-2.168558, -0.421083, 4.500000),1,0.5,0.4722222,True
13:49:06.600,(-2.195013, -0.421083, 4.500000),1,0.5,0.4722222,True
13:49:06.600,(-2.195013, -0.421083, 4.500000),1,0.5,0.4722222,True
13:49:06.623,(-2.221468, -0.434311, 4.500000),1,0.5,0.4722222,True
13:49:06.624,(-2.221468, -0.434311, 4.500000),1,0.5,0.4722222,True
13:49:06.644,(-2.267766, -0.447538, 4.500000),1,0.5,0.4722222,True
13:49:06.644,(-2.267766, -0.447538, 4.500000),1,0.5,0.4722222,True
13:49:06.661,(-2.333905, -0.460766, 4.500000),1,0.5,0.4722222,True
13:49:06.661,(-2.333905, -0.460766, 4.500000),1,0.5,0.4722222,True
13:49:06.674,(-2.406657, -0.473994, 4.500000),1,0.5,0.4722222,True
13:49:06.674,(-2.406657, -0.473994, 4.500000),1,0.5,0.4722222,True
13:49:06.693,(-2.459569, -0.487221, 4.500000),1,0.5,0.4722222,True
13:49:06.693,(-2.459569, -0.487221, 4.500000),1,0.5,0.4722222,True
13:49:06.708,(-2.545549, -0.493835, 4.500000),1,0.5,0.4722222,True
13:49:06.708,(-2.545549, -0.493835, 4.500000),1,0.5,0.4722222,True
13:49:06.730,(-2.605072, -0.500449, 4.500000),1,0.5,0.4722222,True
13:49:06.730,(-2.605072, -0.500449, 4.500000),1,0.5,0.4722222,True
13:49:06.750,(-2.691052, -0.507063, 4.500000),1,0.5,0.4722222,True
13:49:06.751,(-2.691052, -0.507063, 4.500000),1,0.5,0.4722222,True
13:49:06.764,(-2.777032, -0.513677, 4.500000),1,0.5,0.4722222,True
13:49:06.765,(-2.777032, -0.513677, 4.500000),1,0.5,0.4722222,True
13:49:06.780,(-2.816716, -0.513677, 4.500000),1,0.5,0.4666667,True
13:49:06.780,(-2.816716, -0.513677, 4.500000),1,0.5,0.4666667,True
13:49:06.795,(-2.876241, -0.507063, 4.500000),1,0.5,0.4666667,True
13:49:06.795,(-2.876241, -0.507063, 4.500000),1,0.5,0.4666667,True
13:49:06.808,(-2.909311, -0.500449, 4.500000),1,0.5,0.4666667,True
13:49:06.808,(-2.909311, -0.500449, 4.500000),1,0.5,0.4666667,True
13:49:06.829,(-2.929151, -0.500449, 4.500000),1,0.5,0.4666667,True
13:49:06.830,(-2.929151, -0.500449, 4.500000),1,0.5,0.4666667,True
13:49:06.850,(-2.948993, -0.487221, 4.500000),1,0.5,0.4666667,True
13:49:06.850,(-2.948993, -0.487221, 4.500000),1,0.5,0.4666667,True
13:49:06.864,(-2.962221, -0.473994, 4.500000),1,0.5,0.4666667,True
13:49:06.864,(-2.962221, -0.473994, 4.500000),1,0.5,0.4666667,True
13:49:06.875,(-2.962222, -0.467380, 4.500000),1,0.5,0.4666667,True
13:49:06.875,(-2.962222, -0.467380, 4.500000),1,0.5,0.4666667,True
13:49:06.892,(-2.962221, -0.460766, 4.500000),1,0.5,0.4611111,True
13:49:06.892,(-2.962221, -0.460766, 4.500000),1,0.5,0.4611111,True
13:49:06.908,(-2.962221, -0.460766, 4.500000),1,0.5,0.4611111,True
13:49:06.908,(-2.962221, -0.460766, 4.500000),1,0.5,0.4611111,True
13:49:06.926,(-2.968834, -0.460766, 4.500000),1,0.5,0.4611111,True
13:49:06.927,(-2.968834, -0.460766, 4.500000),1,0.5,0.4611111,True
13:49:06.945,(-2.968834, -0.460766, 4.500000),1,0.5,0.4611111,True
13:49:06.945,(-2.968834, -0.460766, 4.500000),1,0.5,0.4611111,True
13:49:06.960,(-2.968834, -0.460766, 4.500000),1,0.5,0.4611111,True
13:49:06.960,(-2.968834, -0.460766, 4.500000),1,0.5,0.4611111,True
13:49:06.974,(-2.962221, -0.473994, 4.500000),1,0.5,0.4611111,True
13:49:06.974,(-2.962221, -0.473994, 4.500000),1,0.5,0.4611111,True
13:49:06.991,(-2.962221, -0.487221, 4.500000),1,0.5,0.4611111,True
13:49:06.991,(-2.962221, -0.487221, 4.500000),1,0.5,0.4611111,True
13:49:07.005,(-2.962222, -0.520291, 4.500000),1,0.5,0.4611111,True
13:49:07.005,(-2.962222, -0.520291, 4.500000),1,0.5,0.4611111,True
13:49:07.031,(-2.962221, -0.553360, 4.500000),1,0.5,0.4611111,True
13:49:07.032,(-2.962221, -0.553360, 4.500000),1,0.5,0.4611111,True
13:49:07.054,(-2.968835, -0.593043, 4.500000),1,0.5,0.4611111,True
13:49:07.054,(-2.968835, -0.593043, 4.500000),1,0.5,0.4611111,True
13:49:07.068,(-2.988677, -0.645954, 4.500000),1,0.5,0.4611111,True
13:49:07.068,(-2.988677, -0.645954, 4.500000),1,0.5,0.4611111,True
13:49:07.080,(-3.008518, -0.672410, 4.500000),1,0.5,0.4611111,True
13:49:07.080,(-3.008518, -0.672410, 4.500000),1,0.5,0.4611111,True
13:49:07.098,(-3.034975, -0.698865, 4.500000),1,0.5,0.4666667,True
13:49:07.098,(-3.034975, -0.698865, 4.500000),1,0.5,0.4666667,True
13:49:07.110,(-3.081272, -0.718707, 4.500000),1,0.5,0.4666667,True
13:49:07.110,(-3.081272, -0.718707, 4.500000),1,0.5,0.4666667,True
13:49:07.129,(-3.120953, -0.725321, 4.500000),1,0.5,0.4722222,True
13:49:07.130,(-3.120953, -0.725321, 4.500000),1,0.5,0.4722222,True
13:49:07.151,(-3.154023, -0.725321, 4.500000),1,0.5,0.4722222,True
13:49:07.152,(-3.154023, -0.725321, 4.500000),1,0.5,0.4722222,True
13:49:07.166,(-3.220162, -0.698865, 4.500000),1,0.5,0.4722222,True
13:49:07.166,(-3.220162, -0.698865, 4.500000),1,0.5,0.4722222,True
13:49:07.178,(-3.253232, -0.659182, 4.500000),1,0.5,0.4777778,True
13:49:07.178,(-3.253232, -0.659182, 4.500000),1,0.5,0.4777778,True
13:49:07.194,(-3.273074, -0.619499, 4.500000),1,0.5,0.4777778,True
13:49:07.194,(-3.273074, -0.619499, 4.500000),1,0.5,0.4777778,True
13:49:07.214,(-3.292914, -0.566588, 4.500000),1,0.5,0.4833333,True
13:49:07.214,(-3.292914, -0.566588, 4.500000),1,0.5,0.4833333,True
13:49:07.234,(-3.292914, -0.487221, 4.500000),1,0.5,0.4888889,True
13:49:07.235,(-3.292914, -0.487221, 4.500000),1,0.5,0.4888889,True
13:49:07.609,(-3.279687, -0.427697, 4.500000),0,0,0.5,True
13:49:07.610,(-3.279687, -0.427697, 4.500000),0,0,0.5,True
13:49:07.629,(-2.433112, -0.249122, 4.500000),0,0,0.5,True
13:49:07.629,(-2.433112, -0.249122, 4.500000),0,0,0.5,True
13:49:07.643,(-2.419885, -0.249122, 4.500000),0,0,0.5,True
13:49:07.643,(-2.419885, -0.249122, 4.500000),0,0,0.5,True
13:49:07.662,(-2.426498, -0.249122, 4.500000),0,0,0.5,True
13:49:07.662,(-2.426498, -0.249122, 4.500000),0,0,0.5,True
13:49:07.674,(-2.439727, -0.249122, 4.500000),0,0,0.5,True
13:49:07.675,(-2.439727, -0.249122, 4.500000),0,0,0.5,True
13:49:07.698,(-2.446340, -0.242509, 4.500000),0,0,0.5,True
13:49:07.699,(-2.446340, -0.242509, 4.500000),0,0,0.5,True
13:49:07.720,(-2.472795, -0.235895, 4.500000),0,0,0.5,True
13:49:07.720,(-2.472795, -0.235895, 4.500000),0,0,0.5,True
13:49:07.734,(-2.499250, -0.222667, 4.500000),0,0,0.5,True
13:49:07.735,(-2.499250, -0.222667, 4.500000),0,0,0.5,True
13:49:07.746,(-2.525707, -0.202825, 4.500000),0.1992431,0.5,0.4888889,True
13:49:07.746,(-2.525707, -0.202825, 4.500000),0.1992431,0.5,0.4888889,True
13:49:07.765,(-2.532320, -0.189597, 4.500000),0.1985106,0.5,0.4833333,True
13:49:07.765,(-2.532320, -0.189597, 4.500000),0.1985106,0.5,0.4833333,True
13:49:07.776,(-2.572003, -0.149914, 4.500000),0.202051,0.5,0.4833333,True
13:49:07.777,(-2.572003, -0.149914, 4.500000),0.202051,0.5,0.4833333,True
13:49:07.796,(-2.591846, -0.123459, 4.500000),0.2386766,0.5,0.4777778,True
13:49:07.797,(-2.591846, -0.123459, 4.500000),0.2386766,0.5,0.4777778,True
13:49:07.817,(-2.624914, -0.090390, 4.500000),0.6100598,0.5,0.4722222,True
13:49:07.817,(-2.624914, -0.090390, 4.500000),0.6100598,0.5,0.4722222,True
13:49:07.832,(-2.644756, -0.070548, 4.500000),0.6100598,0.5,0.4722222,True
13:49:07.832,(-2.644756, -0.070548, 4.500000),0.6100598,0.5,0.4722222,True
13:49:07.844,(-2.657984, -0.063934, 4.500000),0.6100598,0.5,0.4722222,True
13:49:07.844,(-2.657984, -0.063934, 4.500000),0.6100598,0.5,0.4722222,True
13:49:07.861,(-2.664597, -0.063934, 4.500000),1,0.5,0.4555556,True
13:49:07.861,(-2.664597, -0.063934, 4.500000),1,0.5,0.4555556,True
13:49:07.876,(-2.671212, -0.083776, 4.500000),1,0.5,0.4555556,True
13:49:07.877,(-2.671212, -0.083776, 4.500000),1,0.5,0.4555556,True
13:49:07.903,(-2.677825, -0.103617, 4.500000),1,0.5,0.4444444,True
13:49:07.904,(-2.677825, -0.103617, 4.500000),1,0.5,0.4444444,True
13:49:07.921,(-2.691052, -0.163142, 4.500000),1,0.5,0.4444444,True
13:49:07.921,(-2.691052, -0.163142, 4.500000),1,0.5,0.4444444,True
13:49:07.937,(-2.704281, -0.209439, 4.500000),1,0.5,0.4444444,True
13:49:07.937,(-2.704281, -0.209439, 4.500000),1,0.5,0.4444444,True
13:49:07.949,(-2.717509, -0.249122, 4.500000),1,0.5,0.4444444,True
13:49:07.949,(-2.717509, -0.249122, 4.500000),1,0.5,0.4444444,True
13:49:07.965,(-2.724122, -0.262350, 4.500000),1,0.5,0.4388889,True
13:49:07.965,(-2.724122, -0.262350, 4.500000),1,0.5,0.4388889,True
13:49:10.951,(-2.724122, -0.282192, 4.500000),0,0.625,0.4722222,True
13:49:10.952,(-2.724122, -0.282192, 4.500000),0,0.6563889,0.4777778,True
13:49:10.963,(-2.724122, -0.282192, 4.500000),0,0.6563889,0.4777778,True
13:49:10.964,(-2.724122, -0.282192, 4.500000),0,0.6563889,0.4777778,True
13:49:10.975,(-2.724122, -0.282192, 4.500000),0,0.6563889,0.4777778,True
13:49:10.976,(-2.724122, -0.282192, 4.500000),0,0.6563889,0.4777778,True
13:49:10.989,(-2.724122, -0.282192, 4.500000),0,0.6563889,0.4777778,True
13:49:10.990,(-2.724122, -0.282192, 4.500000),0,0.6563889,0.4777778,True
13:49:11.007,(-2.724122, -0.282192, 4.500000),0,0.6986111,0.4777778,True
13:49:11.008,(-2.724122, -0.282192, 4.500000),0,0.6986111,0.4777778,True
