13:34:56.561,(-2.525707, -1.108925, 4.500000),0,0,0.5,False
13:34:56.561,(-2.525707, -1.108925, 4.500000),0,0,0.5,False
13:34:56.585,(-2.102419, -0.440924, 4.500000),0,0,0.5,False
13:34:56.585,(-2.102419, -0.440924, 4.500000),0,0,0.5,False
13:34:56.600,(-2.102419, -0.440924, 4.500000),0,0,0.5,False
13:34:56.600,(-2.102419, -0.440924, 4.500000),0,0,0.5,False
13:34:56.615,(-2.102419, -0.434311, 4.500000),0,0,0.5,False
13:34:56.616,(-2.102419, -0.434311, 4.500000),0,0,0.5,False
13:34:56.629,(-2.102419, -0.434311, 4.500000),0,0,0.5,False
13:34:56.630,(-2.102419, -0.434311, 4.500000),0,0,0.5,False
13:34:56.657,(-2.102419, -0.434311, 4.500000),0,0,0.5,False
13:34:56.657,(-2.102419, -0.434311, 4.500000),0,0,0.5,False
13:34:56.682,(-2.089190, -0.421083, 4.500000),0.1471127,0,0.5,False
13:34:56.682,(-2.089190, -0.421083, 4.500000),0.1471127,0,0.5,False
13:34:56.700,(-2.062736, -0.401241, 4.500000),0.1436943,0,0.5,False
13:34:56.700,(-2.062736, -0.401241, 4.500000),0.1436943,0,0.5,False
13:34:56.713,(-2.036281, -0.388014, 4.500000),0.1436943,0,0.5,False
13:34:56.713,(-2.036281, -0.388014, 4.500000),0.1436943,0,0.5,False
13:34:56.729,(-2.016439, -0.381400, 4.500000),0.1519961,0,0.5,False
13:34:56.729,(-2.016439, -0.381400, 4.500000),0.1519961,0,0.5,False
13:34:56.741,(-1.996597, -0.374786, 4.500000),0.1519961,0,0.5,False
13:34:56.742,(-1.996597, -0.374786, 4.500000),0.1519961,0,0.5,False
13:34:56.760,(-1.976755, -0.368172, 4.500000),0.1519961,0,0.5,False
13:34:56.760,(-1.976755, -0.368172, 4.500000),0.1519961,0,0.5,False
13:34:56.779,(-1.963527, -0.361558, 4.500000),0.474179,0,0.5,False
13:34:56.779,(-1.963527, -0.361558, 4.500000),0.474179,0,0.5,False
13:34:56.793,(-1.950300, -0.354944, 4.500000),0.5789281,0,0.5,False
13:34:56.793,(-1.950300, -0.354944, 4.500000),0.5789281,0,0.5,False
13:34:56.801,(-1.943687, -0.354944, 4.500000),0.5789281,0,0.5,False
13:34:56.801,(-1.943687, -0.354944, 4.500000),0.5789281,0,0.5,False
13:34:56.824,(-1.943687, -0.354944, 4.500000),0.9487242,0,0.5,False
13:34:56.825,(-1.943687, -0.354944, 4.500000),0.9487242,0,0.5,False
13:34:56.839,(-1.963527, -0.361558, 4.500000),0.9487242,0,0.5,False
13:34:56.839,(-1.963527, -0.361558, 4.500000),0.9487242,0,0.5,False
13:34:56.862,(-1.976755, -0.368172, 4.500000),0.9487242,0,0.5,False
13:34:56.863,(-1.976755, -0.368172, 4.500000),0.9487242,0,0.5,False
13:34:56.884,(-2.016439, -0.374786, 4.500000),1,0.5,0.4944444,False
13:34:56.884,(-2.016439, -0.374786, 4.500000),1,0.5,0.4944444,False
13:34:56.899,(-2.069349, -0.388014, 4.500000),1,0.5,0.4944444,False
13:34:56.899,(-2.069349, -0.388014, 4.500000),1,0.5,0.4944444,False
13:34:56.911,(-2.142102, -0.394627, 4.500000),1,0.5,0.4944444,False
13:34:56.912,(-2.142102, -0.394627, 4.500000),1,0.5,0.4944444,False
13:34:56.931,(-2.188399, -0.401241, 4.500000),1,0.5,0.4944444,False
13:34:56.932,(-2.188399, -0.401241, 4.500000),1,0.5,0.4944444,False
13:34:56.948,(-2.274380, -0.407855, 4.500000),1,0.5,0.4944444,False
13:34:56.948,(-2.274380, -0.407855, 4.500000),1,0.5,0.4944444,False
13:34:56.968,(-2.327289, -0.407855, 4.500000),1,0.5,0.4888889,False
13:34:56.969,(-2.327289, -0.407855, 4.500000),1,0.5,0.4888889,False
13:34:56.989,(-2.406656, -0.407855, 4.500000),1,0.5,0.4888889,False
13:34:56.990,(-2.406656, -0.407855, 4.500000),1,0.5,0.4888889,False
13:34:57.004,(-2.472795, -0.414469, 4.500000),1,0.5,0.4888889,False
13:34:57.004,(-2.472795, -0.414469, 4.500000),1,0.5,0.4888889,False
13:34:57.015,(-2.525707, -0.414469, 4.500000),1,0.5,0.4888889,False
13:34:57.016,(-2.525707, -0.414469, 4.500000),1,0.5,0.4888889,False
13:34:57.032,(-2.538934, -0.414469, 4.500000),1,0.5,0.4888889,False
13:34:57.032,(-2.538934, -0.414469, 4.500000),1,0.5,0.4888889,False
13:34:57.044,(-2.565389, -0.414469, 4.500000),1,0.5,0.4888889,False
13:34:57.044,(-2.565389, -0.414469, 4.500000),1,0.5,0.4888889,False
13:34:57.069,(-2.578617, -0.407855, 4.500000),1,0.5,0.4888889,False
13:34:57.070,(-2.578617, -0.407855, 4.500000),1,0.5,0.4888889,False
13:34:57.091,(-2.591846, -0.401241, 4.500000),1,0.5,0.4944444,False
13:34:57.091,(-2.591846, -0.401241, 4.500000),1,0.5,0.4944444,False
13:34:57.107,(-2.591845, -0.381400, 4.500000),1,0.5,0.4944444,False
13:34:57.107,(-2.591845, -0.381400, 4.500000),1,0.5,0.4944444,False
13:34:57.121,(-2.591846, -0.374786, 4.500000),1,0.5,0.4944444,False
13:34:57.121,(-2.591846, -0.374786, 4.500000),1,0.5,0.4944444,False
13:34:57.138,(-2.591846, -0.368172, 4.500000),1,0.5,0.4944444,False
13:34:57.138,(-2.591846, -0.368172, 4.500000),1,0.5,0.4944444,False
13:34:57.153,(-2.591846, -0.361558, 4.500000),1,0.5,0.4944444,False
13:34:57.153,(-2.591846, -0.361558, 4.500000),1,0.5,0.4944444,False
13:34:57.177,(-2.591846, -0.361558, 4.500000),1,0.5,0.4944444,False
13:34:57.177,(-2.591846, -0.361558, 4.500000),1,0.5,0.4944444,False
13:34:57.195,(-2.591846, -0.361558, 4.500000),1,0.5,0.4944444,False
13:34:57.196,(-2.591846, -0.361558, 4.500000),1,0.5,0.4944444,False
13:34:57.212,(-2.591846, -0.368172, 4.500000),1,0.5,0.4944444,False
13:34:57.212,(-2.591846, -0.368172, 4.500000),1,0.5,0.4944444,False
13:34:57.224,(-2.591846, -0.388014, 4.500000),1,0.5,0.4944444,False
13:34:57.225,(-2.591846, -0.388014, 4.500000),1,0.5,0.4944444,False
13:34:57.249,(-2.591846, -0.407855, 4.500000),1,0.5,0.4888889,False
13:34:57.250,(-2.591846, -0.407855, 4.500000),1,0.5,0.4888889,False
13:34:57.264,(-2.585231, -0.473994, 4.500000),1,0.5,0.4888889,False
13:34:57.264,(-2.585231, -0.473994, 4.500000),1,0.5,0.4888889,False
13:34:57.285,(-2.591846, -0.513677, 4.500000),1,0.5,0.4888889,False
13:34:57.285,(-2.591846, -0.513677, 4.500000),1,0.5,0.4888889,False
13:34:57.306,(-2.591846, -0.553360, 4.500000),1,0.5,0.4888889,False
13:34:57.307,(-2.591846, -0.553360, 4.500000),1,0.5,0.4888889,False
13:34:57.320,(-2.611687, -0.593043, 4.500000),1,0.5,0.4888889,False
13:34:57.321,(-2.611687, -0.593043, 4.500000),1,0.5,0.4888889,False
13:34:57.333,(-2.631529, -0.632727, 4.500000),1,0.5,0.4888889,False
13:34:57.334,(-2.631529, -0.632727, 4.500000),1,0.5,0.4888889,False
13:34:57.347,(-2.638143, -0.639340, 4.500000),1,0.5,0.4888889,False
13:34:57.347,(-2.638143, -0.639340, 4.500000),1,0.5,0.4888889,False
13:34:57.363,(-2.671212, -0.659182, 4.500000),1,0.5,0.4888889,False
13:34:57.363,(-2.671212, -0.659182, 4.500000),1,0.5,0.4888889,False
13:34:57.383,(-2.691052, -0.665796, 4.500000),1,0.5,0.4888889,False
13:34:57.384,(-2.691052, -0.665796, 4.500000),1,0.5,0.4888889,False
13:34:57.406,(-2.730736, -0.665796, 4.500000),1,0.5,0.4888889,False
13:34:57.407,(-2.730736, -0.665796, 4.500000),1,0.5,0.4888889,False
13:34:57.421,(-2.777032, -0.645954, 4.500000),1,0.5,0.4944444,False
13:34:57.421,(-2.777032, -0.645954, 4.500000),1,0.5,0.4944444,False
13:34:57.433,(-2.803489, -0.632727, 4.500000),1,0.5,0.4944444,False
13:34:57.434,(-2.803489, -0.632727, 4.500000),1,0.5,0.4944444,False
13:34:57.450,(-2.816716, -0.606271, 4.500000),1,0.5,0.4944444,False
13:34:57.450,(-2.816716, -0.606271, 4.500000),1,0.5,0.4944444,False
13:34:57.462,(-2.836558, -0.573202, 4.500000),1,0.5,0.4944444,False
13:34:57.462,(-2.836558, -0.573202, 4.500000),1,0.5,0.4944444,False
13:34:57.485,(-2.849786, -0.533519, 4.500000),1,0,0.5,False
13:34:57.485,(-2.849786, -0.533519, 4.500000),1,0,0.5,False
13:34:57.507,(-2.849786, -0.467380, 4.500000),1,0,0.5,False
13:34:57.507,(-2.849786, -0.467380, 4.500000),1,0,0.5,False
13:34:57.523,(-2.816716, -0.381400, 4.500000),1,0,0.5,False
13:34:57.523,(-2.816716, -0.381400, 4.500000),1,0,0.5,False
13:34:57.879,(-2.796874, -0.341716, 4.500000),0,0,0.5,False
13:34:57.880,(-2.796874, -0.341716, 4.500000),0,0,0.5,False
13:34:57.899,(-2.188399, -0.196211, 4.500000),0,0,0.5,False
13:34:57.900,(-2.188399, -0.196211, 4.500000),0,0,0.5,False
13:34:57.912,(-2.188399, -0.196211, 4.500000),0,0,0.5,False
13:34:57.913,(-2.188399, -0.196211, 4.500000),0,0,0.5,False
13:34:57.938,(-2.188399, -0.196211, 4.500000),0,0,0.5,False
13:34:57.938,(-2.188399, -0.196211, 4.500000),0,0,0.5,False
13:34:57.959,(-2.195013, -0.189597, 4.500000),0,0,0.5,False
13:34:57.959,(-2.195013, -0.189597, 4.500000),0,0,0.5,False
13:34:57.973,(-2.221467, -0.176370, 4.500000),0.1771456,0,0.5,False
13:34:57.974,(-2.221467, -0.176370, 4.500000),0.1771456,0,0.5,False
13:34:57.987,(-2.234696, -0.169756, 4.500000),0.1771456,0,0.5,False
13:34:57.987,(-2.234696, -0.169756, 4.500000),0.1771456,0,0.5,False
13:34:58.002,(-2.247925, -0.156528, 4.500000),0.2339153,0,0.5,False
13:34:58.002,(-2.247925, -0.156528, 4.500000),0.2339153,0,0.5,False
13:34:58.014,(-2.267766, -0.143300, 4.500000),0.2342815,0.5,0.4944444,False
13:34:58.015,(-2.267766, -0.143300, 4.500000),0.2342815,0.5,0.4944444,False
13:34:58.032,(-2.287608, -0.123459, 4.500000),0.2517397,0.5,0.4944444,False
13:34:58.033,(-2.287608, -0.123459, 4.500000),0.2517397,0.5,0.4944444,False
13:34:58.055,(-2.327290, -0.083776, 4.500000),0.3694299,0.5,0.4888889,False
13:34:58.056,(-2.327290, -0.083776, 4.500000),0.3694299,0.5,0.4888889,False
13:34:58.071,(-2.360360, -0.037479, 4.500000),0.5559761,0.5,0.4833333,False
13:34:58.072,(-2.360360, -0.037479, 4.500000),0.5559761,0.5,0.4833333,False
13:34:58.083,(-2.393428, -0.011023, 4.500000),0.5559761,0.5,0.4833333,False
13:34:58.084,(-2.393428, -0.011023, 4.500000),0.5559761,0.5,0.4833333,False
13:34:58.101,(-2.406657, 0.002205, 4.500000),0.5559761,0.5,0.4833333,False
13:34:58.101,(-2.406657, 0.002205, 4.500000),0.5559761,0.5,0.4833333,False
13:34:58.115,(-2.406657, 0.002205, 4.500000),0.7668172,0.5,0.4777778,False
13:34:58.115,(-2.406657, 0.002205, 4.500000),0.7668172,0.5,0.4777778,False
13:34:58.135,(-2.413270, -0.011023, 4.500000),0.793676,0.5,0.4722222,False
13:34:58.135,(-2.413270, -0.011023, 4.500000),0.793676,0.5,0.4722222,False
13:34:58.156,(-2.419885, -0.044092, 4.500000),0.7975827,0.5,0.4666667,False
13:34:58.157,(-2.419885, -0.044092, 4.500000),0.7975827,0.5,0.4666667,False
13:34:58.173,(-2.426498, -0.116845, 4.500000),0.7988036,0.5,0.4666667,False
13:34:58.173,(-2.426498, -0.116845, 4.500000),0.7988036,0.5,0.4666667,False
13:34:58.183,(-2.433112, -0.156528, 4.500000),0.7953852,0.5,0.4611111,False
13:34:58.184,(-2.433112, -0.156528, 4.500000),0.7953852,0.5,0.4611111,False
13:34:58.199,(-2.446340, -0.189597, 4.500000),0.7953852,0.5,0.4611111,False
13:34:58.200,(-2.446340, -0.189597, 4.500000),0.7953852,0.5,0.4611111,False
13:34:59.033,(-2.452953, -0.222667, 4.500000),0,0,0.5,False
13:34:59.033,(-2.452953, -0.222667, 4.500000),0,0,0.5,False
13:34:59.047,(-2.452953, -0.222667, 4.500000),0,0,0.5,False
13:34:59.047,(-2.452953, -0.222667, 4.500000),0,0,0.5,False
13:34:59.062,(-2.452953, -0.222667, 4.500000),0,0,0.5,False
13:34:59.062,(-2.452953, -0.222667, 4.500000),0,0,0.5,False
