13:45:26.191,(-2.261151, 0.240304, 4.500000),0,0,0.5,False
13:45:26.192,(-2.261151, 0.240304, 4.500000),0,0,0.5,False
13:45:26.212,(-1.917230, -0.255736, 4.500000),0,0,0.5,False
13:45:26.212,(-1.917230, -0.255736, 4.500000),0,0,0.5,False
13:45:26.224,(-1.910617, -0.255736, 4.500000),0,0,0.5,False
13:45:26.224,(-1.910617, -0.255736, 4.500000),0,0,0.5,False
13:45:26.242,(-1.910617, -0.249122, 4.500000),0,0,0.5,False
13:45:26.242,(-1.910617, -0.249122, 4.500000),0,0,0.5,False
13:45:26.262,(-1.910617, -0.255736, 4.500000),0,0,0.5,False
13:45:26.263,(-1.910617, -0.255736, 4.500000),0,0,0.5,False
13:45:26.277,(-1.904004, -0.268964, 4.500000),0,0,0.5,False
13:45:26.277,(-1.904004, -0.268964, 4.500000),0,0,0.5,False
13:45:26.289,(-1.897388, -0.275578, 4.500000),0,0,0.5,False
13:45:26.289,(-1.897388, -0.275578, 4.500000),0,0,0.5,False
13:45:26.305,(-1.890775, -0.288806, 4.500000),0.225003,0.5,0.4944444,False
13:45:26.305,(-1.890775, -0.288806, 4.500000),0.225003,0.5,0.4944444,False
13:45:26.323,(-1.884161, -0.302033, 4.500000),0.2168233,0.5,0.4888889,False
13:45:26.324,(-1.884161, -0.302033, 4.500000),0.2168233,0.5,0.4888889,False
13:45:26.343,(-1.877547, -0.328489, 4.500000),0.2180442,0.5,0.4833333,False
13:45:26.344,(-1.877547, -0.328489, 4.500000),0.2180442,0.5,0.4833333,False
13:45:26.362,(-1.864320, -0.348330, 4.500000),0.2203638,0.5,0.4777778,False
13:45:26.362,(-1.864320, -0.348330, 4.500000),0.2203638,0.5,0.4777778,False
13:45:26.377,(-1.864320, -0.368172, 4.500000),0.24063,0.5,0.4722222,False
13:45:26.378,(-1.864320, -0.368172, 4.500000),0.24063,0.5,0.4722222,False
13:45:26.391,(-1.870933, -0.381400, 4.500000),0.24063,0.5,0.4722222,False
13:45:26.391,(-1.870933, -0.381400, 4.500000),0.24063,0.5,0.4722222,False
13:45:26.405,(-1.877547, -0.394627, 4.500000),0.24063,0.5,0.4722222,False
13:45:26.406,(-1.877547, -0.394627, 4.500000),0.2616286,0.5,0.4666667,False
13:45:26.419,(-1.884162, -0.407855, 4.500000),0.2641924,0.5,0.4611111,False
13:45:26.419,(-1.884162, -0.407855, 4.500000),0.2641924,0.5,0.4611111,False
13:45:26.444,(-1.897388, -0.421083, 4.500000),0.2724942,0.5,0.4555556,False
13:45:26.444,(-1.897388, -0.421083, 4.500000),0.2724942,0.5,0.4555556,False
13:45:26.465,(-1.937072, -0.447538, 4.500000),0.2844585,0.5,0.4555556,False
13:45:26.465,(-1.937072, -0.447538, 4.500000),0.2844585,0.5,0.4555556,False
13:45:26.481,(-1.989984, -0.460766, 4.500000),0.3011842,0.5,0.4555556,False
13:45:26.481,(-1.989984, -0.460766, 4.500000),0.3011842,0.5,0.4555556,False
13:45:26.491,(-2.049507, -0.473994, 4.500000),0.3511171,0.5,0.4555556,False
13:45:26.492,(-2.049507, -0.473994, 4.500000),0.3511171,0.5,0.4555556,False
13:45:26.509,(-2.075964, -0.473994, 4.500000),0.38115,0.5,0.4611111,False
13:45:26.509,(-2.075964, -0.473994, 4.500000),0.38115,0.5,0.4611111,False
13:45:26.520,(-2.155329, -0.487221, 4.500000),0.4163106,0.5,0.4611111,False
13:45:26.521,(-2.155329, -0.487221, 4.500000),0.4163106,0.5,0.4611111,False
13:45:26.540,(-2.208241, -0.487221, 4.500000),0.4625809,0.5,0.4611111,False
13:45:26.541,(-2.208241, -0.487221, 4.500000),0.4625809,0.5,0.4611111,False
13:45:26.561,(-2.261151, -0.487222, 4.500000),0.4927359,0.5,0.4666667,False
13:45:26.562,(-2.261151, -0.487222, 4.500000),0.4927359,0.5,0.4666667,False
13:45:26.577,(-2.366973, -0.493835, 4.500000),0.4927359,0.5,0.4666667,False
13:45:26.577,(-2.366973, -0.493835, 4.500000),0.4927359,0.5,0.4666667,False
13:45:26.588,(-2.413270, -0.487221, 4.500000),0.4927359,0.5,0.4666667,False
13:45:26.588,(-2.413270, -0.487221, 4.500000),0.4927359,0.5,0.4666667,False
13:45:26.603,(-2.452953, -0.480608, 4.500000),0.4927359,0.5,0.4666667,False
13:45:26.603,(-2.452953, -0.480608, 4.500000),0.4927359,0.5,0.4666667,False
13:45:26.618,(-2.486023, -0.467380, 4.500000),0.7677939,0.5,0.4722222,False
13:45:26.618,(-2.486023, -0.467380, 4.500000),0.7677939,0.5,0.4722222,False
13:45:26.644,(-2.519092, -0.447538, 4.500000),0.7773166,0.5,0.4777778,False
13:45:26.644,(-2.519092, -0.447538, 4.500000),0.7773166,0.5,0.4777778,False
13:45:26.665,(-2.558775, -0.394627, 4.500000),0.7802466,0.5,0.4777778,False
13:45:26.666,(-2.558775, -0.394627, 4.500000),0.7802466,0.5,0.4777778,False
13:45:26.682,(-2.572004, -0.328489, 4.500000),0.7845196,0.5,0.4777778,False
13:45:26.682,(-2.572004, -0.328489, 4.500000),0.7845196,0.5,0.4777778,False
13:45:26.694,(-2.565389, -0.295420, 4.500000),0.8350629,0.5,0.4777778,False
13:45:26.695,(-2.565389, -0.295420, 4.500000),0.8350629,0.5,0.4777778,False
13:45:26.710,(-2.558775, -0.262350, 4.500000),0.9048956,0.5,0.4777778,False
13:45:26.711,(-2.558775, -0.262350, 4.500000),0.9048956,0.5,0.4777778,False
13:45:26.722,(-2.538934, -0.235895, 4.500000),0.9497009,0.5,0.4777778,False
13:45:26.722,(-2.538934, -0.235895, 4.500000),0.9497009,0.5,0.4777778,False
13:45:26.742,(-2.525707, -0.222667, 4.500000),1,0.5,0.4777778,False
13:45:26.742,(-2.525707, -0.222667, 4.500000),1,0.5,0.4777778,False
13:45:27.003,(-2.479410, -0.209439, 4.500000),0,0.5,0.4777778,False
13:45:27.003,(-2.479410, -0.209439, 4.500000),0,0.5,0.4777778,False
13:45:27.025,(-2.161945, -0.672410, 4.500000),0,0.5,0.4944444,False
13:45:27.025,(-2.161945, -0.672410, 4.500000),0,0.5,0.4944444,False
13:45:27.039,(-2.155329, -0.679024, 4.500000),0,0.5,0.4944444,False
13:45:27.040,(-2.155329, -0.679024, 4.500000),0,0.5,0.4944444,False
13:45:27.056,(-2.148715, -0.685638, 4.500000),0,0.5,0.4944444,False
13:45:27.056,(-2.148715, -0.685638, 4.500000),0,0.5,0.4944444,False
13:45:27.069,(-2.148716, -0.692251, 4.500000),0,0,0.5,False
13:45:27.069,(-2.148716, -0.692251, 4.500000),0,0,0.5,False
13:45:28.256,(-2.148716, -0.692251, 4.500000),0,0,0.5,False
13:45:28.256,(-2.148716, -0.692251, 4.500000),0,0,0.5,False
13:45:28.267,(-2.148716, -0.692251, 4.500000),0,0,0.5,False
13:45:28.268,(-2.148716, -0.692251, 4.500000),0,0,0.5,False
13:45:28.287,(-2.148716, -0.692251, 4.500000),0,0,0.5,False
13:45:28.287,(-2.148716, -0.692251, 4.500000),0,0,0.5,False
13:45:28.301,(-2.148716, -0.692251, 4.500000),0,0,0.5,False
13:45:28.302,(-2.148716, -0.692251, 4.500000),0,0,0.5,False
