13:37:10.535,(-2.538934, 0.187393, 4.500000),0,0,0.5,False
13:37:10.536,(-2.538934, 0.187393, 4.500000),0,0,0.5,False
13:37:10.561,(-2.122261, -0.295420, 4.500000),0,0,0.5,False
13:37:10.562,(-2.122261, -0.295420, 4.500000),0,0,0.5,False
13:37:10.575,(-2.122261, -0.275578, 4.500000),0,0,0.5,False
13:37:10.575,(-2.122261, -0.275578, 4.500000),0,0,0.5,False
13:37:10.596,(-2.122261, -0.275578, 4.500000),0,0,0.5,False
13:37:10.596,(-2.122261, -0.275578, 4.500000),0,0,0.5,False
13:37:10.618,(-2.128874, -0.275578, 4.500000),0,0,0.5,False
13:37:10.618,(-2.128874, -0.275578, 4.500000),0,0,0.5,False
13:37:10.632,(-2.128874, -0.275578, 4.500000),0.2706629,0,0.5,False
13:37:10.632,(-2.128874, -0.275578, 4.500000),0.2706629,0,0.5,False
13:37:10.644,(-2.128874, -0.275578, 4.500000),0.3413503,0,0.5,False
13:37:10.644,(-2.128874, -0.275578, 4.500000),0.3413503,0,0.5,False
13:37:10.661,(-2.128874, -0.275578, 4.500000),0.3793188,0.5,0.4944444,False
13:37:10.661,(-2.128874, -0.275578, 4.500000),0.3793188,0.5,0.4944444,False
13:37:10.674,(-2.115647, -0.275578, 4.500000),0.3793188,0.5,0.4944444,False
13:37:10.674,(-2.115647, -0.275578, 4.500000),0.3793188,0.5,0.4944444,False
13:37:10.695,(-2.109032, -0.288806, 4.500000),0.3793188,0.5,0.4944444,False
13:37:10.695,(-2.109032, -0.288806, 4.500000),0.3793188,0.5,0.4944444,False
13:37:10.717,(-2.095806, -0.302033, 4.500000),0.3793188,0.5,0.4944444,False
13:37:10.717,(-2.095806, -0.302033, 4.500000),0.3793188,0.5,0.4944444,False
13:37:10.733,(-2.075964, -0.335103, 4.500000),0.7619338,0.5,0.4722222,False
13:37:10.733,(-2.075964, -0.335103, 4.500000),0.7619338,0.5,0.4722222,False
13:37:10.746,(-2.075964, -0.348330, 4.500000),0.7619338,0.5,0.4722222,False
13:37:10.746,(-2.075964, -0.348330, 4.500000),0.7619338,0.5,0.4722222,False
13:37:10.763,(-2.075964, -0.361558, 4.500000),1,0.5,0.4722222,False
13:37:10.763,(-2.075964, -0.361558, 4.500000),1,0.5,0.4722222,False
13:37:10.777,(-2.075964, -0.381400, 4.500000),1,0.5,0.4722222,False
13:37:10.777,(-2.075964, -0.381400, 4.500000),1,0.5,0.4722222,False
13:37:10.797,(-2.075964, -0.388014, 4.500000),1,0.5,0.4611111,False
13:37:10.798,(-2.075964, -0.388014, 4.500000),1,0.5,0.4611111,False
13:37:10.820,(-2.089191, -0.394627, 4.500000),1,0.5,0.4611111,False
13:37:10.820,(-2.089191, -0.394627, 4.500000),1,0.5,0.4611111,False
13:37:10.837,(-2.109033, -0.407855, 4.500000),1,0.5,0.4555556,False
13:37:10.837,(-2.109033, -0.407855, 4.500000),1,0.5,0.4555556,False
13:37:10.851,(-2.142102, -0.421083, 4.500000),1,0.5,0.4555556,False
13:37:10.851,(-2.142102, -0.421083, 4.500000),1,0.5,0.4555556,False
13:37:10.867,(-2.155329, -0.434311, 4.500000),1,0.5,0.4666667,False
13:37:10.868,(-2.155329, -0.434311, 4.500000),1,0.5,0.4666667,False
13:37:10.880,(-2.181786, -0.447538, 4.500000),1,0.5,0.4666667,False
13:37:10.880,(-2.181786, -0.447538, 4.500000),1,0.5,0.4666667,False
13:37:10.901,(-2.221467, -0.460766, 4.500000),1,0.5,0.4722222,False
13:37:10.903,(-2.221467, -0.460766, 4.500000),1,0.5,0.4722222,False
13:37:10.926,(-2.254537, -0.467380, 4.500000),1,0.5,0.4777778,False
13:37:10.926,(-2.254537, -0.467380, 4.500000),1,0.5,0.4777778,False
13:37:10.940,(-2.327290, -0.473994, 4.500000),1,0.5,0.4777778,False
13:37:10.941,(-2.327290, -0.473994, 4.500000),1,0.5,0.4777778,False
13:37:10.953,(-2.380201, -0.480608, 4.500000),1,0.5,0.4777778,False
13:37:10.953,(-2.380201, -0.480608, 4.500000),1,0.5,0.4777778,False
13:37:10.973,(-2.406657, -0.480608, 4.500000),1,0.5,0.4777778,False
13:37:10.973,(-2.406657, -0.480608, 4.500000),1,0.5,0.4777778,False
13:37:10.989,(-2.486023, -0.487221, 4.500000),1,0.5,0.4888889,False
13:37:10.989,(-2.486023, -0.487221, 4.500000),1,0.5,0.4888889,False
13:37:11.008,(-2.525707, -0.487221, 4.500000),1,0.5,0.4944444,False
13:37:11.008,(-2.525707, -0.487221, 4.500000),1,0.5,0.4944444,False
13:37:11.028,(-2.565389, -0.480608, 4.500000),1,0.5,0.4944444,False
13:37:11.028,(-2.565389, -0.480608, 4.500000),1,0.5,0.4944444,False
13:37:11.043,(-2.644756, -0.467380, 4.500000),1,0.5,0.4944444,False
13:37:11.043,(-2.644756, -0.467380, 4.500000),1,0.5,0.4944444,False
13:37:11.057,(-2.677825, -0.454152, 4.500000),1,0.5,0.4944444,False
13:37:11.057,(-2.677825, -0.454152, 4.500000),1,0.5,0.4944444,False
13:37:11.073,(-2.704281, -0.434311, 4.500000),1,0.5,0.4944444,False
13:37:11.073,(-2.704281, -0.434311, 4.500000),1,0.5,0.4944444,False
13:37:11.085,(-2.724122, -0.421083, 4.500000),1,0.5,0.4944444,False
13:37:11.085,(-2.724122, -0.421083, 4.500000),1,0.5,0.4944444,False
13:37:11.114,(-2.737351, -0.407855, 4.500000),1,0,0.5,False
13:37:11.115,(-2.737351, -0.407855, 4.500000),1,0,0.5,False
13:37:11.134,(-2.737351, -0.361558, 4.500000),1,0,0.5,False
13:37:11.134,(-2.737351, -0.361558, 4.500000),1,0,0.5,False
13:37:11.151,(-2.704281, -0.308647, 4.500000),1,0,0.5,False
13:37:11.151,(-2.704281, -0.308647, 4.500000),1,0,0.5,False
13:37:11.164,(-2.677825, -0.288806, 4.500000),1,0,0.5,False
13:37:11.164,(-2.677825, -0.288806, 4.500000),1,0,0.5,False
13:37:11.180,(-2.651371, -0.275578, 4.500000),1,0,0.5,False
13:37:11.181,(-2.651371, -0.275578, 4.500000),1,0,0.5,False
13:37:11.536,(-2.605072, -0.268964, 4.500000),0,0,0.5,False
13:37:11.536,(-2.605072, -0.268964, 4.500000),0,0,0.5,False
13:37:11.556,(-2.366973, -0.672410, 4.500000),0,0,0.5,False
13:37:11.556,(-2.366973, -0.672410, 4.500000),0,0,0.5,False
13:37:11.577,(-2.373588, -0.685638, 4.500000),0,0,0.5,False
13:37:11.577,(-2.373588, -0.685638, 4.500000),0,0,0.5,False
13:37:11.592,(-2.373588, -0.685638, 4.500000),0,0,0.5,False
13:37:11.592,(-2.373588, -0.685638, 4.500000),0,0,0.5,False
13:37:11.604,(-2.373588, -0.685638, 4.500000),0,0,0.5,False
13:37:11.604,(-2.373588, -0.685638, 4.500000),0,0,0.5,False
13:37:11.618,(-2.373588, -0.685638, 4.500000),0,0,0.5,False
13:37:11.618,(-2.373588, -0.685638, 4.500000),0,0,0.5,False
13:37:11.632,(-2.373588, -0.685638, 4.500000),0,0,0.5,False
13:37:11.633,(-2.373588, -0.685638, 4.500000),0,0,0.5,False
13:37:11.657,(-2.366973, -0.685638, 4.500000),1,0,0.5,False
13:37:11.658,(-2.366973, -0.685638, 4.500000),1,0,0.5,False
13:37:12.723,(-2.366973, -0.685638, 4.500000),0,0,0.5,True
13:37:12.723,(-2.366973, -0.685638, 4.500000),0,0,0.5,True
13:37:12.737,(-2.366973, -0.685638, 4.500000),0,0,0.5,True
13:37:12.737,(-2.366973, -0.685638, 4.500000),0,0,0.5,True
13:37:12.748,(-2.366973, -0.685638, 4.500000),0,0,0.5,True
13:37:12.748,(-2.366973, -0.685638, 4.500000),0,0,0.5,True
13:37:12.765,(-2.366973, -0.685638, 4.500000),0,0,0.5,True
13:37:12.765,(-2.366973, -0.685638, 4.500000),0,0,0.5,True
13:37:12.780,(-2.366973, -0.685638, 4.500000),0,0,0.5,True
13:37:12.780,(-2.366973, -0.685638, 4.500000),0,0,0.5,True
