13:43:42.621,(-2.486023, -0.275578, 4.500000),0,0.5,0.4833333,True
13:43:42.621,(-2.486023, -0.275578, 4.500000),0,0.5,0.4833333,True
13:43:42.642,(-2.486023, -0.302033, 4.500000),0,0.5,0.4777778,True
13:43:42.642,(-2.486023, -0.302033, 4.500000),0,0.5,0.4777778,True
13:43:42.663,(-2.486023, -0.288806, 4.500000),0,0.5,0.4777778,True
13:43:42.664,(-2.486023, -0.288806, 4.500000),0,0.5,0.4777778,True
13:43:42.676,(-2.486023, -0.282192, 4.500000),0,0.5,0.4722222,True
13:43:42.677,(-2.486023, -0.282192, 4.500000),0,0.5,0.4722222,True
13:43:42.693,(-2.492636, -0.275578, 4.500000),0,0.5,0.4722222,True
13:43:42.693,(-2.492636, -0.275578, 4.500000),0,0.5,0.4722222,True
13:43:42.706,(-2.499250, -0.275578, 4.500000),0,0.5,0.4722222,True
13:43:42.706,(-2.499250, -0.275578, 4.500000),0,0.5,0.4722222,True
13:43:42.726,(-2.499250, -0.275578, 4.500000),0,0.5,0.4666667,True
13:43:42.726,(-2.499250, -0.275578, 4.500000),0,0.5,0.4666667,True
13:43:42.745,(-2.499250, -0.275578, 4.500000),0.0693444,0.5,0.4555556,True
13:43:42.745,(-2.499250, -0.275578, 4.500000),0.0693444,0.5,0.4555556,True
13:43:42.759,(-2.499250, -0.275578, 4.500000),0.1196435,0.5,0.45,True
13:43:42.759,(-2.499250, -0.275578, 4.500000),0.1196435,0.5,0.45,True
13:43:42.774,(-2.499250, -0.275578, 4.500000),0.1277011,0.5,0.4444444,True
13:43:42.775,(-2.499250, -0.275578, 4.500000),0.1277011,0.5,0.4444444,True
13:43:42.795,(-2.492636, -0.288806, 4.500000),0.1465023,0.5,0.4444444,True
13:43:42.796,(-2.492636, -0.288806, 4.500000),0.1465023,0.5,0.4444444,True
13:43:42.812,(-2.486023, -0.302033, 4.500000),0.1687218,0.5,0.4333333,True
13:43:42.813,(-2.486023, -0.302033, 4.500000),0.1687218,0.5,0.4333333,True
13:43:42.838,(-2.479410, -0.308647, 4.500000),0.1864241,0.5,0.4277778,True
13:43:42.838,(-2.479410, -0.308647, 4.500000),0.1864241,0.5,0.4277778,True
13:43:42.857,(-2.472795, -0.321875, 4.500000),0.2265902,0.5,0.4277778,True
13:43:42.857,(-2.472795, -0.321875, 4.500000),0.2265902,0.5,0.4277778,True
13:43:42.871,(-2.459569, -0.341716, 4.500000),0.3006959,0.5111111,0.4166667,True
13:43:42.872,(-2.459569, -0.341716, 4.500000),0.3006959,0.5111111,0.4166667,True
13:43:42.884,(-2.459569, -0.354944, 4.500000),0.325235,0.5111111,0.4166667,True
13:43:42.884,(-2.459569, -0.354944, 4.500000),0.325235,0.5111111,0.4166667,True
13:43:42.906,(-2.452953, -0.368172, 4.500000),0.3712611,0.5111111,0.4166667,True
13:43:42.906,(-2.452953, -0.368172, 4.500000),0.3712611,0.5111111,0.4166667,True
13:43:42.923,(-2.446340, -0.388014, 4.500000),0.5266756,0.5111111,0.4166667,True
13:43:42.923,(-2.446340, -0.388014, 4.500000),0.5266756,0.5111111,0.4166667,True
13:43:42.947,(-2.446340, -0.407855, 4.500000),0.6459529,0.5111111,0.4166667,True
13:43:42.947,(-2.446340, -0.407855, 4.500000),0.6459529,0.5111111,0.4166667,True
13:43:42.966,(-2.446340, -0.421083, 4.500000),0.885484,0.5111111,0.4166667,True
13:43:42.966,(-2.446340, -0.421083, 4.500000),0.885484,0.5111111,0.4166667,True
13:43:42.980,(-2.452953, -0.434311, 4.500000),1,0.5111111,0.4166667,True
13:43:42.982,(-2.452953, -0.434311, 4.500000),1,0.5111111,0.4166667,True
13:43:42.993,(-2.459569, -0.447538, 4.500000),1,0.5111111,0.4166667,True
13:43:42.993,(-2.459569, -0.447538, 4.500000),1,0.5111111,0.4166667,True
13:43:43.008,(-2.466182, -0.460766, 4.500000),1,0.5119445,0.4222222,True
13:43:43.008,(-2.466182, -0.460766, 4.500000),1,0.5119445,0.4222222,True
13:43:43.023,(-2.472795, -0.467380, 4.500000),1,0.5,0.4277778,True
13:43:43.023,(-2.472795, -0.467380, 4.500000),1,0.5,0.4277778,True
13:43:43.044,(-2.486023, -0.473994, 4.500000),1,0.5,0.4277778,True
13:43:43.045,(-2.486023, -0.473994, 4.500000),1,0.5,0.4277778,True
13:43:43.066,(-2.499250, -0.487222, 4.500000),1,0.5,0.4333333,True
13:43:43.067,(-2.499250, -0.487222, 4.500000),1,0.5,0.4333333,True
13:43:43.081,(-2.532320, -0.513677, 4.500000),1,0.5,0.4333333,True
13:43:43.081,(-2.532320, -0.513677, 4.500000),1,0.5,0.4333333,True
13:43:43.093,(-2.552162, -0.513677, 4.500000),1,0.5,0.4333333,True
13:43:43.093,(-2.552162, -0.513677, 4.500000),1,0.5,0.4333333,True
13:43:43.107,(-2.578617, -0.526905, 4.500000),1,0.5,0.4333333,True
13:43:43.108,(-2.578617, -0.526905, 4.500000),1,0.5,0.4333333,True
13:43:43.127,(-2.605072, -0.526905, 4.500000),1,0.5,0.4333333,True
13:43:43.127,(-2.605072, -0.526905, 4.500000),1,0.5,0.4333333,True
13:43:43.146,(-2.644756, -0.540133, 4.500000),1,0.5,0.4333333,True
13:43:43.147,(-2.644756, -0.540133, 4.500000),1,0.5,0.4333333,True
13:43:43.165,(-2.671212, -0.546746, 4.500000),1,0.5,0.4333333,True
13:43:43.166,(-2.671212, -0.546746, 4.500000),1,0.5,0.4333333,True
13:43:43.181,(-2.724122, -0.546746, 4.500000),1,0.5,0.4333333,True
13:43:43.181,(-2.724122, -0.546746, 4.500000),1,0.5,0.4333333,True
13:43:43.192,(-2.750577, -0.546746, 4.500000),1,0.5,0.4333333,True
13:43:43.192,(-2.750577, -0.546746, 4.500000),1,0.5,0.4333333,True
13:43:43.207,(-2.783648, -0.540133, 4.500000),1,0.5141667,0.4333333,True
13:43:43.208,(-2.783648, -0.540133, 4.500000),1,0.5141667,0.4333333,True
13:43:43.222,(-2.803489, -0.540133, 4.500000),1,0.5141667,0.4333333,True
13:43:43.222,(-2.803489, -0.540133, 4.500000),1,0.5141667,0.4333333,True
13:43:43.246,(-2.829945, -0.526905, 4.500000),1,0.5141667,0.4333333,True
13:43:43.246,(-2.829945, -0.526905, 4.500000),1,0.5141667,0.4333333,True
13:43:43.267,(-2.856400, -0.513677, 4.500000),1,0.5130556,0.4277778,True
13:43:43.267,(-2.856400, -0.513677, 4.500000),1,0.5130556,0.4277778,True
13:43:43.282,(-2.876241, -0.487222, 4.500000),1,0.5130556,0.4277778,True
13:43:43.282,(-2.876241, -0.487222, 4.500000),1,0.5130556,0.4277778,True
13:43:43.293,(-2.882854, -0.473994, 4.500000),1,0.5130556,0.4277778,True
13:43:43.293,(-2.882854, -0.473994, 4.500000),1,0.5130556,0.4277778,True
13:43:43.308,(-2.882854, -0.447538, 4.500000),1,0.5130556,0.4277778,True
13:43:43.308,(-2.882854, -0.447538, 4.500000),1,0.5130556,0.4277778,True
13:43:43.324,(-2.869628, -0.434311, 4.500000),1,0.5,0.4333333,True
13:43:43.325,(-2.869628, -0.434311, 4.500000),1,0.5,0.4333333,True
13:43:43.345,(-2.856400, -0.401241, 4.500000),1,0.5,0.4333333,True
13:43:43.346,(-2.856400, -0.401241, 4.500000),1,0.5,0.4333333,True
13:43:43.366,(-2.849786, -0.381400, 4.500000),1,0.5,0.4333333,True
13:43:43.366,(-2.849786, -0.381400, 4.500000),1,0.5,0.4333333,True
13:43:43.382,(-2.816716, -0.341716, 4.500000),1,0.5,0.4333333,True
13:43:43.382,(-2.816716, -0.341716, 4.500000),1,0.5,0.4333333,True
13:43:43.393,(-2.803489, -0.328489, 4.500000),1,0.5,0.4333333,True
13:43:43.393,(-2.803489, -0.328489, 4.500000),1,0.5,0.4333333,True
13:43:43.807,(-2.790261, -0.315261, 4.500000),0,0,0.5,True
13:43:43.808,(-2.790261, -0.315261, 4.500000),0,0,0.5,True
13:43:43.822,(-2.578617, -0.698865, 4.500000),0,0,0.5,True
13:43:43.823,(-2.578617, -0.698865, 4.500000),0,0,0.5,True
13:43:43.842,(-2.578617, -0.712093, 4.500000),0,0,0.5,True
13:43:43.842,(-2.578617, -0.712093, 4.500000),0,0,0.5,True
13:43:43.862,(-2.585230, -0.712093, 4.500000),0,0,0.5,True
13:43:43.862,(-2.585230, -0.712093, 4.500000),0,0,0.5,True
13:43:43.878,(-2.585230, -0.725321, 4.500000),0,0,0.5,True
13:43:43.878,(-2.585230, -0.725321, 4.500000),0,0,0.5,True
13:43:43.892,(-2.578617, -0.731935, 4.500000),0,0,0.5,True
13:43:43.892,(-2.578617, -0.731935, 4.500000),0,0,0.5,True
13:43:43.908,(-2.578617, -0.738549, 4.500000),0.8408009,0.5,0.4944444,True
13:43:43.908,(-2.578617, -0.738549, 4.500000),0.8408009,0.5,0.4944444,True
13:43:43.921,(-2.578617, -0.738549, 4.500000),0.8408009,0.5,0.4944444,True
13:43:43.921,(-2.578617, -0.738549, 4.500000),0.8408009,0.5,0.4944444,True
13:43:43.945,(-2.578617, -0.738549, 4.500000),1,0.5,0.4833333,True
13:43:43.946,(-2.578617, -0.738549, 4.500000),1,0.5,0.4833333,True
13:43:45.409,(-2.585231, -0.738549, 4.500000),0,0,0.5,True
13:43:45.409,(-2.585231, -0.738549, 4.500000),0,0,0.5,True
13:43:45.422,(-2.585231, -0.738549, 4.500000),0,0,0.5,True
13:43:45.423,(-2.585231, -0.738549, 4.500000),0,0,0.5,True
13:43:45.437,(-2.585231, -0.738549, 4.500000),0,0,0.5,True
13:43:45.437,(-2.585231, -0.738549, 4.500000),0,0,0.5,True
13:43:45.454,(-2.585231, -0.738549, 4.500000),0,0,0.5,True
13:43:45.454,(-2.585231, -0.738549, 4.500000),0,0,0.5,True
13:43:45.468,(-2.585231, -0.738549, 4.500000),0,0,0.5,True
13:43:45.469,(-2.585231, -0.738549, 4.500000),0,0,0.5,True
